   1   星期2 13:27:12  123.50357    41.80019    498      1.60     2.70    183.10
   2   星期2 13:27:18  123.50357    41.80014    497      1.70     2.80    183.20
   1   星期2 13:27:12  123.50357    41.80019    498      1.60     2.70    183.10
   2   星期2 13:27:18  123.50357    41.80014    497      1.70     2.80    183.20
   1   星期2 13:27:12  123.50357    41.80019    498      1.60     2.70    183.10
   2   星期2 13:27:18  123.50357    41.80014    497      1.70     2.80    183.20
   3   星期2 13:29:13  123.50354    41.79960    479      1.40     3.00    184.80
   4   星期2 13:29:17  123.50353    41.79959    479      1.80     3.10    184.70
   5   星期2 13:29:22  123.50353    41.79958    478      1.90     3.00    184.20
   1   星期2 13:27:12  123.50357    41.80019    498      1.60     2.70    183.10
   2   星期2 13:27:18  123.50357    41.80014    497      1.70     2.80    183.20
   1   星期2 13:27:12  123.50357    41.80019    498      1.60     2.70    183.10
   2   星期2 13:27:18  123.50357    41.80014    497      1.70     2.80    183.20
   1   星期2 13:27:12  123.50357    41.80019    498      1.60     2.70    183.10
   2   星期2 13:27:18  123.50357    41.80014    497      1.70     2.80    183.20
   3   星期2 13:29:13  123.50354    41.79960    479      1.40     3.00    184.80
   4   星期2 13:29:17  123.50353    41.79959    479      1.80     3.10    184.70
   5   星期2 13:29:22  123.50353    41.79958    478      1.90     3.00    184.20
