   1   星期2 11:18:23  123.68777    41.80361    528      9.70     0.00    344.00
   2   星期2 11:18:28  123.68689    41.80370    540      2.70    -38.40    213.80
   3   星期2 11:18:32  123.68707    41.80282    538      1.20    20.60    145.60
   4   星期2 11:18:36  123.68731    41.80191    534     -1.40    -5.20    186.30
   5   星期2 11:18:39  123.68732    41.80097    531      3.40     5.10    176.00
   6   星期2 11:18:42  123.68736    41.80002    533      2.70     2.30    179.50
   7   星期2 11:18:46  123.68737    41.79909    533      2.70     4.00    179.30
   8   星期2 11:18:49  123.68738    41.79817    533      2.80     3.10    178.90
   9   星期2 11:18:52  123.68739    41.79726    533      4.00     4.40    180.20
  10   星期2 11:18:55  123.68738    41.79635    532      3.40     3.60    179.80
  11   星期2 11:18:58  123.68737    41.79546    533      1.10     0.60    179.70
  12   星期2 11:19: 2  123.68738    41.79455    536      2.10     5.50    179.70
  13   星期2 11:19: 5  123.68735    41.79360    538     -0.80     0.50    181.60
  14   星期2 11:19: 8  123.68734    41.79265    537      0.60     5.40    179.40
  15   星期2 11:19:12  123.68732    41.79172    537      0.30     0.00    180.30
  17   星期2 11:19:18  123.68734    41.78984    531      4.50     4.60    177.90
  18   星期2 11:19:21  123.68736    41.78893    533      4.80     3.80    180.70
  21   星期2 11:19:31  123.68763    41.78625    536      9.60    -39.90    136.00
  22   星期2 11:19:35  123.68877    41.78608    532      8.30    -38.00    65.30
  24   星期2 11:19:45  123.68923    41.78779    529      6.80     8.30    358.90
  25   星期2 11:19:51  123.68922    41.78870    531      5.60     3.10    358.10
  28   星期2 11:20: 8  123.68923    41.79147    535      4.50     3.00     0.10
  29   星期2 11:20:14  123.68922    41.79240    535      4.90     3.70    359.70
  31   星期2 11:20:25  123.68921    41.79427    535      4.10     3.20    359.90
  32   星期2 11:20:31  123.68922    41.79519    536      3.70     4.60    358.70
  33   星期2 11:20:36  123.68921    41.79612    537      4.30     9.50    358.90
  34   星期2 11:20:41  123.68921    41.79703    536      2.00     2.40     1.20
  35   星期2 11:20:47  123.68921    41.79796    536      2.20     3.70     0.80
  36   星期2 11:20:52  123.68924    41.79888    535      2.00     1.20     0.10
  37   星期2 11:20:58  123.68923    41.79980    532      6.00     2.90    359.70
  38   星期2 11:21: 4  123.68923    41.80070    534      2.50     0.40     1.60
  39   星期2 11:21: 9  123.68926    41.80162    534      3.20     3.80    359.80
  40   星期2 11:21:14  123.68927    41.80253    536      1.70     3.80    357.30
  41   星期2 11:21:19  123.68925    41.80345    537      0.80     4.40    358.10
  42   星期2 11:21:25  123.68956    41.80431    541      0.20    21.10    49.10
  44   星期2 11:21:33  123.69117    41.80353    542     -4.60    14.50    182.90
  45   星期2 11:21:36  123.69103    41.80259    532     -1.40    -6.30    184.40
  46   星期2 11:21:39  123.69099    41.80169    529     -1.30     1.90    179.40
  47   星期2 11:21:42  123.69101    41.80074    529      0.10     3.60    178.50
  48   星期2 11:21:45  123.69106    41.79982    531      0.60     7.90    177.50
  49   星期2 11:21:49  123.69104    41.79889    532     -0.70     1.70    183.20
  50   星期2 11:21:52  123.69098    41.79794    529      1.30     0.10    181.10
  51   星期2 11:21:55  123.69098    41.79701    528      3.40     4.50    178.70
  52   星期2 11:21:58  123.69100    41.79611    529      3.50     3.30    179.40
  54   星期2 11:22: 5  123.69099    41.79419    531      2.60     2.80    179.90
  56   星期2 11:22:12  123.69101    41.79238    533      2.10     8.40    179.20
  57   星期2 11:22:15  123.69098    41.79146    534      1.20    -0.10    181.80
  58   星期2 11:22:18  123.69097    41.79055    533      1.90     4.20    179.30
  59   星期2 11:22:22  123.69097    41.78959    533      2.30     1.30    180.90
  60   星期2 11:22:25  123.69098    41.78862    531      4.60     8.60    178.10
  61   星期2 11:22:29  123.69101    41.78767    531      3.70     5.50    178.20
  62   星期2 11:22:32  123.69102    41.78672    532      7.70    -36.00    174.00
  63   星期2 11:22:36  123.69180    41.78608    532     10.10    -42.20    99.20
  64   星期2 11:22:41  123.69269    41.78657    532      5.60    -23.00     4.10
  65   星期2 11:22:46  123.69269    41.78747    530      2.00    -0.10    357.60
  67   星期2 11:22:57  123.69265    41.78931    532      4.50     4.00     1.80
  68   星期2 11:23: 3  123.69269    41.79021    535      3.60     6.30    358.10
  69   星期2 11:23: 8  123.69269    41.79115    535      4.10     5.70    358.50
  70   星期2 11:23:13  123.69269    41.79207    536      3.70     9.00     0.40
  71   星期2 11:23:19  123.69270    41.79299    535      2.20     3.90     0.10
  72   星期2 11:23:24  123.69271    41.79392    535      1.10     2.70     1.40
  74   星期2 11:23:35  123.69269    41.79576    536      2.50     3.90     1.10
  75   星期2 11:23:40  123.69270    41.79669    535      1.00     1.30     0.40
  78   星期2 11:23:56  123.69271    41.79942    530      5.20     3.70     0.50
  79   星期2 11:24: 2  123.69273    41.80034    532      4.30     5.10     1.60
  82   星期2 11:24:20  123.69275    41.80309    537      1.00     0.00     1.20
  83   星期2 11:24:25  123.69270    41.80399    538      4.70    30.00     1.30
  84   星期2 11:24:30  123.69343    41.80467    545      1.10    35.60    62.60
  85   星期2 11:24:34  123.69459    41.80453    547     -5.40    37.20    128.30
  86   星期2 11:24:37  123.69506    41.80371    544     -6.80    33.60    176.20
  87   星期2 11:24:40  123.69485    41.80282    535     -9.80    -7.10    195.40
  88   星期2 11:24:43  123.69466    41.80189    531     -6.50    -2.90    183.70
  89   星期2 11:24:46  123.69463    41.80097    527      0.00     6.70    179.30
  90   星期2 11:24:49  123.69463    41.80007    525      1.00     5.10    179.40
  91   星期2 11:24:52  123.69462    41.79912    526      1.50     3.80    180.40
  92   星期2 11:24:55  123.69461    41.79818    525      3.00     4.40    179.90
  94   星期2 11:25: 2  123.69460    41.79637    525      5.00     2.60    180.60
  95   星期2 11:25: 5  123.69459    41.79543    526      5.90     3.80    179.10
  96   星期2 11:25: 9  123.69460    41.79449    527      5.30     4.30    179.70
  97   星期2 11:25:12  123.69461    41.79357    527      6.80     6.20    179.50
  98   星期2 11:25:16  123.69460    41.79262    529      5.10     4.10    181.50
  99   星期2 11:25:20  123.69457    41.79167    530      5.50     4.10    179.30
 100   星期2 11:25:23  123.69459    41.79077    533      5.20     7.60    179.90
 101   星期2 11:25:27  123.69457    41.78986    534      2.50     3.70    180.60
 102   星期2 11:25:31  123.69457    41.78893    535      2.80     6.30    179.50
 103   星期2 11:25:34  123.69456    41.78797    535      1.20     3.40    180.10
 104   星期2 11:25:37  123.69460    41.78701    534      1.40    -8.00    176.50
 105   星期2 11:25:41  123.69506    41.78619    537      6.70    -43.20    123.40
 106   星期2 11:25:45  123.69618    41.78621    532      6.80    -39.60    51.50
 107   星期2 11:25:50  123.69635    41.78706    531      2.10     5.40     0.20
 108   星期2 11:25:55  123.69632    41.78798    529      2.00     3.00    358.80
 109   星期2 11:26: 1  123.69628    41.78890    529      5.10     1.50    358.40
 110   星期2 11:26: 6  123.69625    41.78979    531      5.20     7.00    359.30
 111   星期2 11:26:12  123.69627    41.79070    531      5.00     1.90    359.30
 112   星期2 11:26:18  123.69625    41.79162    533      5.40     5.50    357.30
 113   星期2 11:26:25  123.69627    41.79253    535      4.10     1.40     2.30
 114   星期2 11:26:31  123.69628    41.79345    534      4.50     3.80    359.30
 115   星期2 11:26:37  123.69628    41.79436    536      3.60     0.60     4.70
 117   星期2 11:26:48  123.69634    41.79618    540     -0.80     2.40     1.10
 118   星期2 11:26:53  123.69631    41.79712    541     -1.10     4.10    357.60
 119   星期2 11:26:58  123.69628    41.79805    535      1.50     5.90     0.40
 121   星期2 11:27: 8  123.69630    41.79988    530      4.40     4.30    359.50
 122   星期2 11:27:13  123.69632    41.80080    530      4.00     1.20     0.10
 124   星期2 11:27:25  123.69632    41.80262    532      3.50     4.30     0.40
 125   星期2 11:27:31  123.69633    41.80355    534      2.10     2.00    356.50
 126   星期2 11:27:37  123.69667    41.80439    536      3.80    27.60    48.50
 128   星期2 11:27:46  123.69792    41.80334    533      0.30    -10.20    181.90
 129   星期2 11:27:49  123.69803    41.80238    530      3.00     6.10    171.60
 130   星期2 11:27:52  123.69813    41.80147    528      3.60     6.50    178.60
 131   星期2 11:27:55  123.69812    41.80057    526      4.50     1.50    179.80
 132   星期2 11:27:59  123.69815    41.79962    527      6.80     7.50    178.70
 133   星期2 11:28: 3  123.69814    41.79869    528      6.20     3.40    180.60
 134   星期2 11:28: 6  123.69811    41.79775    530      5.30     4.10    181.70
 135   星期2 11:28: 9  123.69812    41.79682    531      4.00     7.70    177.00
 136   星期2 11:28:13  123.69817    41.79589    533      5.10     9.50    179.40
 137   星期2 11:28:17  123.69812    41.79497    532      2.70     5.00    183.00
 138   星期2 11:28:20  123.69811    41.79406    530      5.30     6.80    180.40
 139   星期2 11:28:24  123.69803    41.79315    530      4.30    -3.80    185.00
 140   星期2 11:28:27  123.69796    41.79219    537     -0.70    -1.70    180.50
 141   星期2 11:28:31  123.69800    41.79127    538     -1.00     4.00    175.20
 142   星期2 11:28:34  123.69805    41.79031    536     -1.20     3.20    180.40
 144   星期2 11:28:41  123.69808    41.78848    532      2.70     8.20    178.60
 145   星期2 11:28:44  123.69806    41.78758    532      2.20     5.70    183.10
 146   星期2 11:28:47  123.69801    41.78667    531      4.00    -20.40    178.20
 147   星期2 11:28:51  123.69852    41.78590    532      8.30    -44.70    122.40
 148   星期2 11:28:55  123.69961    41.78598    527      8.50    -38.50    45.80
 149   星期2 11:29: 0  123.69977    41.78687    525      3.50    -1.70     6.10
 150   星期2 11:29: 5  123.69979    41.78778    529      1.40     0.80     0.20
 151   星期2 11:29:10  123.69974    41.78871    533      0.00     2.20     0.30
 152   星期2 11:29:16  123.69972    41.78964    531      3.80     6.30    358.70
 153   星期2 11:29:21  123.69973    41.79057    530      3.50     2.90     1.70
 154   星期2 11:29:26  123.69973    41.79148    529      7.60     6.50     1.40
 155   星期2 11:29:33  123.69973    41.79240    532      5.50     4.00     3.60
 156   星期2 11:29:38  123.69974    41.79331    533      4.20     4.90     3.70
 157   星期2 11:29:44  123.69977    41.79421    532      4.10     3.10     2.30
 158   星期2 11:29:50  123.69979    41.79513    532      5.20     6.40    359.00
 159   星期2 11:29:57  123.69978    41.79603    533      4.40     5.70    358.60
 160   星期2 11:30: 3  123.69981    41.79695    531      6.20    -0.30     4.30
 161   星期2 11:30: 9  123.69984    41.79787    531      6.60    -1.20    358.70
 162   星期2 11:30:15  123.69981    41.79877    532      6.90     3.50    357.00
 163   星期2 11:30:22  123.69979    41.79967    534      5.90     4.00    358.90
 164   星期2 11:30:28  123.69976    41.80058    534      5.10     6.70     0.10
 165   星期2 11:30:34  123.69976    41.80149    532      7.10     5.90     0.90
 167   星期2 11:30:46  123.69979    41.80334    535      4.00     3.20     1.40
 168   星期2 11:30:52  123.69988    41.80425    534      9.90    26.80    29.10
 169   星期2 11:30:57  123.70092    41.80460    540      4.70    39.50    110.40
 171   星期2 11:31: 5  123.70150    41.80288    535     -2.00     2.70    174.50
 172   星期2 11:31: 8  123.70159    41.80194    532      1.90     8.30    177.80
 174   星期2 11:31:15  123.70161    41.80006    530      3.50     6.10    179.30
 175   星期2 11:31:18  123.70161    41.79915    530      3.30     5.00    180.40
 176   星期2 11:31:21  123.70160    41.79822    531      2.50     4.80    180.40
 177   星期2 11:31:24  123.70157    41.79730    533      1.60     3.60    180.60
 178   星期2 11:31:28  123.70157    41.79636    533      2.10     7.90    180.10
 179   星期2 11:31:31  123.70156    41.79542    532      2.10     3.60    178.80
 180   星期2 11:31:34  123.70159    41.79448    531      3.70     9.50    180.20
 181   星期2 11:31:37  123.70156    41.79356    530      3.00     3.30    181.00
 182   星期2 11:31:41  123.70154    41.79264    528      5.00     3.40    181.10
 183   星期2 11:31:44  123.70152    41.79174    527      6.80     4.10    180.50
 184   星期2 11:31:47  123.70150    41.79077    528      5.20     3.50    181.00
 185   星期2 11:31:51  123.70149    41.78981    529      5.10     4.00    179.60
 186   星期2 11:31:54  123.70150    41.78885    531      4.90     6.50    179.50
 187   星期2 11:31:58  123.70150    41.78789    531      4.20     5.90    180.30
 188   星期2 11:32: 1  123.70148    41.78699    531      3.10     1.10    179.60
 189   星期2 11:32: 4  123.70133    41.78606    524     -8.30    40.60    202.40
 190   星期2 11:32: 8  123.70055    41.78539    505     -8.60    43.60    239.60
 191   星期2 11:32:11  123.69938    41.78520    484     -10.00    41.90    273.70
 192   星期2 11:32:16  123.69839    41.78573    445     -12.00    36.70    334.30
 194   星期2 11:32:23  123.69844    41.78753    372     -17.50    -13.60    344.00
 195   星期2 11:32:27  123.69785    41.78832    344     -7.90     1.00    321.20
 196   星期2 11:32:31  123.69706    41.78902    338     -2.00     0.00    318.50
 197   星期2 11:32:35  123.69622    41.78967    339      1.10     7.30    312.90
 198   星期2 11:32:39  123.69538    41.79032    339     -2.90    19.40    320.50
 199   星期2 11:32:44  123.69490    41.79115    322     -9.90    16.60    345.60
 200   星期2 11:32:48  123.69459    41.79203    303     -6.50     4.80    341.80
 201   星期2 11:32:52  123.69419    41.79290    294     -2.70     1.90    340.70
 202   星期2 11:32:57  123.69369    41.79372    281     -4.10     0.00    329.10
 203   星期2 11:33: 1  123.69305    41.79451    266     -5.40     1.60    331.30
 204   星期2 11:33: 6  123.69241    41.79531    256     -2.90    -0.20    325.50
 205   星期2 11:33:10  123.69164    41.79605    242     -4.40     3.30    320.80
 206   星期2 11:33:14  123.69080    41.79671    229     -3.90    -24.40    300.80
 207   星期2 11:33:18  123.68961    41.79680    226     -9.60    -27.20    254.20
 208   星期2 11:33:21  123.68863    41.79627    219     -6.60    -29.30    214.70
 209   星期2 11:33:24  123.68826    41.79542    212     -8.00    -20.50    185.20
 210   星期2 11:33:27  123.68840    41.79451    194     -13.80    -12.60    164.90
 211   星期2 11:33:30  123.68889    41.79368    181     -6.90    -2.00    150.40
 212   星期2 11:33:33  123.68951    41.79291    173     -4.40     3.10    147.80
 213   星期2 11:33:36  123.69020    41.79212    167     -2.40    -5.00    144.80
 214   星期2 11:33:39  123.69096    41.79141    160     -2.00    -0.70    138.50
 215   星期2 11:33:42  123.69186    41.79074    157      0.60    -22.90    130.10
 217   星期2 11:33:50  123.69405    41.79072    150     -3.40    -33.30    41.10
 218   星期2 11:33:54  123.69411    41.79163    139     -8.40    -26.50    337.60
 219   星期2 11:33:58  123.69334    41.79234    116     -8.60     5.80    313.00
 221   星期2 11:34: 6  123.69171    41.79366     92     -1.40     9.70    321.90
 222   星期2 11:34:11  123.69111    41.79442    104      7.20     0.80    331.10
 224   星期2 11:34:22  123.68981    41.79401    106     -6.70    -1.70    165.90
 225   星期2 11:34:26  123.69026    41.79314     97     -3.00    -2.30    154.70
 228   星期2 11:34:39  123.69268    41.79146     95      7.20    -22.00    71.50
 229   星期2 11:34:45  123.69340    41.79214     93     14.60    -35.80    348.10
 230   星期2 11:34:52  123.69265    41.79281     81     10.10    -6.70    336.40
   1   星期2 11:18:23  123.68777    41.80361    528      9.70     0.00    344.00
   2   星期2 11:18:28  123.68689    41.80370    540      2.70    -38.40    213.80
   3   星期2 11:18:32  123.68707    41.80282    538      1.20    20.60    145.60
   4   星期2 11:18:36  123.68731    41.80191    534     -1.40    -5.20    186.30
   5   星期2 11:18:39  123.68732    41.80097    531      3.40     5.10    176.00
   6   星期2 11:18:42  123.68736    41.80002    533      2.70     2.30    179.50
   7   星期2 11:18:46  123.68737    41.79909    533      2.70     4.00    179.30
   8   星期2 11:18:49  123.68738    41.79817    533      2.80     3.10    178.90
   9   星期2 11:18:52  123.68739    41.79726    533      4.00     4.40    180.20
  10   星期2 11:18:55  123.68738    41.79635    532      3.40     3.60    179.80
  11   星期2 11:18:58  123.68737    41.79546    533      1.10     0.60    179.70
  12   星期2 11:19: 2  123.68738    41.79455    536      2.10     5.50    179.70
  13   星期2 11:19: 5  123.68735    41.79360    538     -0.80     0.50    181.60
  14   星期2 11:19: 8  123.68734    41.79265    537      0.60     5.40    179.40
  16   星期2 11:19:15  123.68733    41.79077    533      2.80     3.70    179.70
  17   星期2 11:19:18  123.68734    41.78984    531      4.50     4.60    177.90
  18   星期2 11:19:21  123.68736    41.78893    533      4.80     3.80    180.70
  20   星期2 11:19:28  123.68735    41.78710    534      1.80     1.70    179.50
  21   星期2 11:19:31  123.68763    41.78625    536      9.60    -39.90    136.00
  23   星期2 11:19:40  123.68919    41.78688    528      3.30     3.20     3.00
  24   星期2 11:19:45  123.68923    41.78779    529      6.80     8.30    358.90
  25   星期2 11:19:51  123.68922    41.78870    531      5.60     3.10    358.10
  26   星期2 11:19:56  123.68923    41.78961    530      5.50     0.30     0.90
  27   星期2 11:20: 2  123.68926    41.79053    534      4.50    -0.50    359.40
  28   星期2 11:20: 8  123.68923    41.79147    535      4.50     3.00     0.10
  29   星期2 11:20:14  123.68922    41.79240    535      4.90     3.70    359.70
  30   星期2 11:20:19  123.68922    41.79334    534      5.10     3.30    359.80
  31   星期2 11:20:25  123.68921    41.79427    535      4.10     3.20    359.90
  32   星期2 11:20:31  123.68922    41.79519    536      3.70     4.60    358.70
  33   星期2 11:20:36  123.68921    41.79612    537      4.30     9.50    358.90
  34   星期2 11:20:41  123.68921    41.79703    536      2.00     2.40     1.20
  35   星期2 11:20:47  123.68921    41.79796    536      2.20     3.70     0.80
  36   星期2 11:20:52  123.68924    41.79888    535      2.00     1.20     0.10
  37   星期2 11:20:58  123.68923    41.79980    532      6.00     2.90    359.70
  38   星期2 11:21: 4  123.68923    41.80070    534      2.50     0.40     1.60
  39   星期2 11:21: 9  123.68926    41.80162    534      3.20     3.80    359.80
  40   星期2 11:21:14  123.68927    41.80253    536      1.70     3.80    357.30
  41   星期2 11:21:19  123.68925    41.80345    537      0.80     4.40    358.10
  43   星期2 11:21:29  123.69070    41.80436    543      1.00    43.00    124.30
  44   星期2 11:21:33  123.69117    41.80353    542     -4.60    14.50    182.90
  45   星期2 11:21:36  123.69103    41.80259    532     -1.40    -6.30    184.40
  46   星期2 11:21:39  123.69099    41.80169    529     -1.30     1.90    179.40
  47   星期2 11:21:42  123.69101    41.80074    529      0.10     3.60    178.50
  48   星期2 11:21:45  123.69106    41.79982    531      0.60     7.90    177.50
  49   星期2 11:21:49  123.69104    41.79889    532     -0.70     1.70    183.20
  50   星期2 11:21:52  123.69098    41.79794    529      1.30     0.10    181.10
  51   星期2 11:21:55  123.69098    41.79701    528      3.40     4.50    178.70
  52   星期2 11:21:58  123.69100    41.79611    529      3.50     3.30    179.40
  53   星期2 11:22: 2  123.69099    41.79515    529      3.60     2.30    179.90
  54   星期2 11:22: 5  123.69099    41.79419    531      2.60     2.80    179.90
  55   星期2 11:22: 8  123.69099    41.79328    532      3.00     5.20    179.50
  56   星期2 11:22:12  123.69101    41.79238    533      2.10     8.40    179.20
  57   星期2 11:22:15  123.69098    41.79146    534      1.20    -0.10    181.80
  58   星期2 11:22:18  123.69097    41.79055    533      1.90     4.20    179.30
  59   星期2 11:22:22  123.69097    41.78959    533      2.30     1.30    180.90
  60   星期2 11:22:25  123.69098    41.78862    531      4.60     8.60    178.10
  61   星期2 11:22:29  123.69101    41.78767    531      3.70     5.50    178.20
  62   星期2 11:22:32  123.69102    41.78672    532      7.70    -36.00    174.00
  63   星期2 11:22:36  123.69180    41.78608    532     10.10    -42.20    99.20
  64   星期2 11:22:41  123.69269    41.78657    532      5.60    -23.00     4.10
  66   星期2 11:22:51  123.69267    41.78840    532      1.90     1.80    359.00
  67   星期2 11:22:57  123.69265    41.78931    532      4.50     4.00     1.80
  68   星期2 11:23: 3  123.69269    41.79021    535      3.60     6.30    358.10
  69   星期2 11:23: 8  123.69269    41.79115    535      4.10     5.70    358.50
  70   星期2 11:23:13  123.69269    41.79207    536      3.70     9.00     0.40
  71   星期2 11:23:19  123.69270    41.79299    535      2.20     3.90     0.10
  73   星期2 11:23:30  123.69271    41.79483    535      2.20     1.50    359.60
  74   星期2 11:23:35  123.69269    41.79576    536      2.50     3.90     1.10
  75   星期2 11:23:40  123.69270    41.79669    535      1.00     1.30     0.40
  76   星期2 11:23:46  123.69271    41.79761    534      1.20     4.40    359.50
  77   星期2 11:23:51  123.69273    41.79852    531      3.60     2.30     1.50
  78   星期2 11:23:56  123.69271    41.79942    530      5.20     3.70     0.50
  79   星期2 11:24: 2  123.69273    41.80034    532      4.30     5.10     1.60
  80   星期2 11:24: 8  123.69272    41.80126    534      4.60     3.20     3.10
  81   星期2 11:24:14  123.69275    41.80218    534      3.10    -4.70     5.70
  82   星期2 11:24:20  123.69275    41.80309    537      1.00     0.00     1.20
  83   星期2 11:24:25  123.69270    41.80399    538      4.70    30.00     1.30
  84   星期2 11:24:30  123.69343    41.80467    545      1.10    35.60    62.60
  85   星期2 11:24:34  123.69459    41.80453    547     -5.40    37.20    128.30
  86   星期2 11:24:37  123.69506    41.80371    544     -6.80    33.60    176.20
  87   星期2 11:24:40  123.69485    41.80282    535     -9.80    -7.10    195.40
  88   星期2 11:24:43  123.69466    41.80189    531     -6.50    -2.90    183.70
  89   星期2 11:24:46  123.69463    41.80097    527      0.00     6.70    179.30
  90   星期2 11:24:49  123.69463    41.80007    525      1.00     5.10    179.40
  91   星期2 11:24:52  123.69462    41.79912    526      1.50     3.80    180.40
  92   星期2 11:24:55  123.69461    41.79818    525      3.00     4.40    179.90
  93   星期2 11:24:59  123.69461    41.79727    525      3.10     4.00    180.60
  94   星期2 11:25: 2  123.69460    41.79637    525      5.00     2.60    180.60
  95   星期2 11:25: 5  123.69459    41.79543    526      5.90     3.80    179.10
  96   星期2 11:25: 9  123.69460    41.79449    527      5.30     4.30    179.70
  97   星期2 11:25:12  123.69461    41.79357    527      6.80     6.20    179.50
  98   星期2 11:25:16  123.69460    41.79262    529      5.10     4.10    181.50
  99   星期2 11:25:20  123.69457    41.79167    530      5.50     4.10    179.30
 100   星期2 11:25:23  123.69459    41.79077    533      5.20     7.60    179.90
 101   星期2 11:25:27  123.69457    41.78986    534      2.50     3.70    180.60
 102   星期2 11:25:31  123.69457    41.78893    535      2.80     6.30    179.50
 103   星期2 11:25:34  123.69456    41.78797    535      1.20     3.40    180.10
 104   星期2 11:25:37  123.69460    41.78701    534      1.40    -8.00    176.50
 105   星期2 11:25:41  123.69506    41.78619    537      6.70    -43.20    123.40
 106   星期2 11:25:45  123.69618    41.78621    532      6.80    -39.60    51.50
 107   星期2 11:25:50  123.69635    41.78706    531      2.10     5.40     0.20
 108   星期2 11:25:55  123.69632    41.78798    529      2.00     3.00    358.80
 109   星期2 11:26: 1  123.69628    41.78890    529      5.10     1.50    358.40
 110   星期2 11:26: 6  123.69625    41.78979    531      5.20     7.00    359.30
 111   星期2 11:26:12  123.69627    41.79070    531      5.00     1.90    359.30
 112   星期2 11:26:18  123.69625    41.79162    533      5.40     5.50    357.30
 113   星期2 11:26:25  123.69627    41.79253    535      4.10     1.40     2.30
 114   星期2 11:26:31  123.69628    41.79345    534      4.50     3.80    359.30
 116   星期2 11:26:42  123.69632    41.79528    538      1.00     0.80     5.70
 117   星期2 11:26:48  123.69634    41.79618    540     -0.80     2.40     1.10
 118   星期2 11:26:53  123.69631    41.79712    541     -1.10     4.10    357.60
 120   星期2 11:27: 3  123.69628    41.79898    531      3.30     4.80     0.80
 121   星期2 11:27: 8  123.69630    41.79988    530      4.40     4.30    359.50
 123   星期2 11:27:19  123.69632    41.80172    531      6.00     5.30    359.30
 124   星期2 11:27:25  123.69632    41.80262    532      3.50     4.30     0.40
 125   星期2 11:27:31  123.69633    41.80355    534      2.10     2.00    356.50
 126   星期2 11:27:37  123.69667    41.80439    536      3.80    27.60    48.50
 127   星期2 11:27:42  123.69778    41.80428    537      4.80    41.80    146.70
 128   星期2 11:27:46  123.69792    41.80334    533      0.30    -10.20    181.90
 129   星期2 11:27:49  123.69803    41.80238    530      3.00     6.10    171.60
 130   星期2 11:27:52  123.69813    41.80147    528      3.60     6.50    178.60
 131   星期2 11:27:55  123.69812    41.80057    526      4.50     1.50    179.80
 132   星期2 11:27:59  123.69815    41.79962    527      6.80     7.50    178.70
 133   星期2 11:28: 3  123.69814    41.79869    528      6.20     3.40    180.60
 134   星期2 11:28: 6  123.69811    41.79775    530      5.30     4.10    181.70
 135   星期2 11:28: 9  123.69812    41.79682    531      4.00     7.70    177.00
 136   星期2 11:28:13  123.69817    41.79589    533      5.10     9.50    179.40
 137   星期2 11:28:17  123.69812    41.79497    532      2.70     5.00    183.00
 138   星期2 11:28:20  123.69811    41.79406    530      5.30     6.80    180.40
 139   星期2 11:28:24  123.69803    41.79315    530      4.30    -3.80    185.00
 140   星期2 11:28:27  123.69796    41.79219    537     -0.70    -1.70    180.50
 141   星期2 11:28:31  123.69800    41.79127    538     -1.00     4.00    175.20
 142   星期2 11:28:34  123.69805    41.79031    536     -1.20     3.20    180.40
 143   星期2 11:28:38  123.69805    41.78940    534      0.20     4.60    179.10
 144   星期2 11:28:41  123.69808    41.78848    532      2.70     8.20    178.60
 145   星期2 11:28:44  123.69806    41.78758    532      2.20     5.70    183.10
 146   星期2 11:28:47  123.69801    41.78667    531      4.00    -20.40    178.20
 147   星期2 11:28:51  123.69852    41.78590    532      8.30    -44.70    122.40
 148   星期2 11:28:55  123.69961    41.78598    527      8.50    -38.50    45.80
 149   星期2 11:29: 0  123.69977    41.78687    525      3.50    -1.70     6.10
 150   星期2 11:29: 5  123.69979    41.78778    529      1.40     0.80     0.20
 151   星期2 11:29:10  123.69974    41.78871    533      0.00     2.20     0.30
 152   星期2 11:29:16  123.69972    41.78964    531      3.80     6.30    358.70
 153   星期2 11:29:21  123.69973    41.79057    530      3.50     2.90     1.70
 154   星期2 11:29:26  123.69973    41.79148    529      7.60     6.50     1.40
 155   星期2 11:29:33  123.69973    41.79240    532      5.50     4.00     3.60
 156   星期2 11:29:38  123.69974    41.79331    533      4.20     4.90     3.70
 157   星期2 11:29:44  123.69977    41.79421    532      4.10     3.10     2.30
 158   星期2 11:29:50  123.69979    41.79513    532      5.20     6.40    359.00
 159   星期2 11:29:57  123.69978    41.79603    533      4.40     5.70    358.60
 160   星期2 11:30: 3  123.69981    41.79695    531      6.20    -0.30     4.30
 161   星期2 11:30: 9  123.69984    41.79787    531      6.60    -1.20    358.70
 162   星期2 11:30:15  123.69981    41.79877    532      6.90     3.50    357.00
 163   星期2 11:30:22  123.69979    41.79967    534      5.90     4.00    358.90
 164   星期2 11:30:28  123.69976    41.80058    534      5.10     6.70     0.10
 166   星期2 11:30:40  123.69977    41.80241    534      5.90     3.80     2.20
 167   星期2 11:30:46  123.69979    41.80334    535      4.00     3.20     1.40
 168   星期2 11:30:52  123.69988    41.80425    534      9.90    26.80    29.10
 170   星期2 11:31: 1  123.70149    41.80382    542     -2.70     9.90    181.70
 171   星期2 11:31: 5  123.70150    41.80288    535     -2.00     2.70    174.50
 173   星期2 11:31:11  123.70159    41.80100    530      1.10     4.80    179.70
 174   星期2 11:31:15  123.70161    41.80006    530      3.50     6.10    179.30
 175   星期2 11:31:18  123.70161    41.79915    530      3.30     5.00    180.40
 176   星期2 11:31:21  123.70160    41.79822    531      2.50     4.80    180.40
 177   星期2 11:31:24  123.70157    41.79730    533      1.60     3.60    180.60
 178   星期2 11:31:28  123.70157    41.79636    533      2.10     7.90    180.10
 179   星期2 11:31:31  123.70156    41.79542    532      2.10     3.60    178.80
 180   星期2 11:31:34  123.70159    41.79448    531      3.70     9.50    180.20
 181   星期2 11:31:37  123.70156    41.79356    530      3.00     3.30    181.00
 182   星期2 11:31:41  123.70154    41.79264    528      5.00     3.40    181.10
 183   星期2 11:31:44  123.70152    41.79174    527      6.80     4.10    180.50
 184   星期2 11:31:47  123.70150    41.79077    528      5.20     3.50    181.00
 185   星期2 11:31:51  123.70149    41.78981    529      5.10     4.00    179.60
 186   星期2 11:31:54  123.70150    41.78885    531      4.90     6.50    179.50
 187   星期2 11:31:58  123.70150    41.78789    531      4.20     5.90    180.30
 188   星期2 11:32: 1  123.70148    41.78699    531      3.10     1.10    179.60
 189   星期2 11:32: 4  123.70133    41.78606    524     -8.30    40.60    202.40
 190   星期2 11:32: 8  123.70055    41.78539    505     -8.60    43.60    239.60
 191   星期2 11:32:11  123.69938    41.78520    484     -10.00    41.90    273.70
 192   星期2 11:32:16  123.69839    41.78573    445     -12.00    36.70    334.30
 193   星期2 11:32:20  123.69840    41.78664    411     -20.90    -2.90    18.30
 194   星期2 11:32:23  123.69844    41.78753    372     -17.50    -13.60    344.00
 195   星期2 11:32:27  123.69785    41.78832    344     -7.90     1.00    321.20
 196   星期2 11:32:31  123.69706    41.78902    338     -2.00     0.00    318.50
 197   星期2 11:32:35  123.69622    41.78967    339      1.10     7.30    312.90
 198   星期2 11:32:39  123.69538    41.79032    339     -2.90    19.40    320.50
 199   星期2 11:32:44  123.69490    41.79115    322     -9.90    16.60    345.60
 200   星期2 11:32:48  123.69459    41.79203    303     -6.50     4.80    341.80
 201   星期2 11:32:52  123.69419    41.79290    294     -2.70     1.90    340.70
 202   星期2 11:32:57  123.69369    41.79372    281     -4.10     0.00    329.10
 203   星期2 11:33: 1  123.69305    41.79451    266     -5.40     1.60    331.30
 204   星期2 11:33: 6  123.69241    41.79531    256     -2.90    -0.20    325.50
 205   星期2 11:33:10  123.69164    41.79605    242     -4.40     3.30    320.80
 206   星期2 11:33:14  123.69080    41.79671    229     -3.90    -24.40    300.80
 207   星期2 11:33:18  123.68961    41.79680    226     -9.60    -27.20    254.20
 208   星期2 11:33:21  123.68863    41.79627    219     -6.60    -29.30    214.70
 209   星期2 11:33:24  123.68826    41.79542    212     -8.00    -20.50    185.20
 210   星期2 11:33:27  123.68840    41.79451    194     -13.80    -12.60    164.90
 211   星期2 11:33:30  123.68889    41.79368    181     -6.90    -2.00    150.40
 212   星期2 11:33:33  123.68951    41.79291    173     -4.40     3.10    147.80
 213   星期2 11:33:36  123.69020    41.79212    167     -2.40    -5.00    144.80
 214   星期2 11:33:39  123.69096    41.79141    160     -2.00    -0.70    138.50
 216   星期2 11:33:46  123.69298    41.79039    157      5.50    -27.90    94.00
 217   星期2 11:33:50  123.69405    41.79072    150     -3.40    -33.30    41.10
 218   星期2 11:33:54  123.69411    41.79163    139     -8.40    -26.50    337.60
 219   星期2 11:33:58  123.69334    41.79234    116     -8.60     5.80    313.00
 220   星期2 11:34: 2  123.69249    41.79298    100     -5.40     6.20    317.70
 221   星期2 11:34: 6  123.69171    41.79366     92     -1.40     9.70    321.90
 223   星期2 11:34:18  123.69017    41.79485    110      2.40    -32.40    245.90
 224   星期2 11:34:22  123.68981    41.79401    106     -6.70    -1.70    165.90
 225   星期2 11:34:26  123.69026    41.79314     97     -3.00    -2.30    154.70
 226   星期2 11:34:30  123.69081    41.79230     97      4.00    -10.00    153.30
 227   星期2 11:34:34  123.69155    41.79159     97      2.80    -30.90    126.40
 228   星期2 11:34:39  123.69268    41.79146     95      7.20    -22.00    71.50
 229   星期2 11:34:45  123.69340    41.79214     93     14.60    -35.80    348.10
 230   星期2 11:34:52  123.69265    41.79281     81     10.10    -6.70    336.40
 231   星期2 11:35: 0  123.69201    41.79355     77     11.90     1.80    332.30
   1   星期2 11:18:23  123.68777    41.80361    528      9.70     0.00    344.00
   2   星期2 11:18:28  123.68689    41.80370    540      2.70    -38.40    213.80
   3   星期2 11:18:32  123.68707    41.80282    538      1.20    20.60    145.60
   4   星期2 11:18:36  123.68731    41.80191    534     -1.40    -5.20    186.30
   5   星期2 11:18:39  123.68732    41.80097    531      3.40     5.10    176.00
   6   星期2 11:18:42  123.68736    41.80002    533      2.70     2.30    179.50
   7   星期2 11:18:46  123.68737    41.79909    533      2.70     4.00    179.30
   8   星期2 11:18:49  123.68738    41.79817    533      2.80     3.10    178.90
   9   星期2 11:18:52  123.68739    41.79726    533      4.00     4.40    180.20
  10   星期2 11:18:55  123.68738    41.79635    532      3.40     3.60    179.80
  11   星期2 11:18:58  123.68737    41.79546    533      1.10     0.60    179.70
  12   星期2 11:19: 2  123.68738    41.79455    536      2.10     5.50    179.70
  13   星期2 11:19: 5  123.68735    41.79360    538     -0.80     0.50    181.60
  14   星期2 11:19: 8  123.68734    41.79265    537      0.60     5.40    179.40
  15   星期2 11:19:12  123.68732    41.79172    537      0.30     0.00    180.30
  16   星期2 11:19:15  123.68733    41.79077    533      2.80     3.70    179.70
  17   星期2 11:19:18  123.68734    41.78984    531      4.50     4.60    177.90
  19   星期2 11:19:25  123.68734    41.78802    534      2.70     3.10    179.90
  20   星期2 11:19:28  123.68735    41.78710    534      1.80     1.70    179.50
  22   星期2 11:19:35  123.68877    41.78608    532      8.30    -38.00    65.30
  23   星期2 11:19:40  123.68919    41.78688    528      3.30     3.20     3.00
  24   星期2 11:19:45  123.68923    41.78779    529      6.80     8.30    358.90
  25   星期2 11:19:51  123.68922    41.78870    531      5.60     3.10    358.10
  26   星期2 11:19:56  123.68923    41.78961    530      5.50     0.30     0.90
  27   星期2 11:20: 2  123.68926    41.79053    534      4.50    -0.50    359.40
  28   星期2 11:20: 8  123.68923    41.79147    535      4.50     3.00     0.10
  29   星期2 11:20:14  123.68922    41.79240    535      4.90     3.70    359.70
  30   星期2 11:20:19  123.68922    41.79334    534      5.10     3.30    359.80
  31   星期2 11:20:25  123.68921    41.79427    535      4.10     3.20    359.90
  32   星期2 11:20:31  123.68922    41.79519    536      3.70     4.60    358.70
  33   星期2 11:20:36  123.68921    41.79612    537      4.30     9.50    358.90
  34   星期2 11:20:41  123.68921    41.79703    536      2.00     2.40     1.20
  35   星期2 11:20:47  123.68921    41.79796    536      2.20     3.70     0.80
  36   星期2 11:20:52  123.68924    41.79888    535      2.00     1.20     0.10
  37   星期2 11:20:58  123.68923    41.79980    532      6.00     2.90    359.70
  38   星期2 11:21: 4  123.68923    41.80070    534      2.50     0.40     1.60
  39   星期2 11:21: 9  123.68926    41.80162    534      3.20     3.80    359.80
  40   星期2 11:21:14  123.68927    41.80253    536      1.70     3.80    357.30
  42   星期2 11:21:25  123.68956    41.80431    541      0.20    21.10    49.10
  43   星期2 11:21:29  123.69070    41.80436    543      1.00    43.00    124.30
  44   星期2 11:21:33  123.69117    41.80353    542     -4.60    14.50    182.90
  45   星期2 11:21:36  123.69103    41.80259    532     -1.40    -6.30    184.40
  46   星期2 11:21:39  123.69099    41.80169    529     -1.30     1.90    179.40
  47   星期2 11:21:42  123.69101    41.80074    529      0.10     3.60    178.50
  48   星期2 11:21:45  123.69106    41.79982    531      0.60     7.90    177.50
  49   星期2 11:21:49  123.69104    41.79889    532     -0.70     1.70    183.20
  50   星期2 11:21:52  123.69098    41.79794    529      1.30     0.10    181.10
  51   星期2 11:21:55  123.69098    41.79701    528      3.40     4.50    178.70
  52   星期2 11:21:58  123.69100    41.79611    529      3.50     3.30    179.40
  53   星期2 11:22: 2  123.69099    41.79515    529      3.60     2.30    179.90
  54   星期2 11:22: 5  123.69099    41.79419    531      2.60     2.80    179.90
  55   星期2 11:22: 8  123.69099    41.79328    532      3.00     5.20    179.50
  56   星期2 11:22:12  123.69101    41.79238    533      2.10     8.40    179.20
  57   星期2 11:22:15  123.69098    41.79146    534      1.20    -0.10    181.80
  58   星期2 11:22:18  123.69097    41.79055    533      1.90     4.20    179.30
  59   星期2 11:22:22  123.69097    41.78959    533      2.30     1.30    180.90
  60   星期2 11:22:25  123.69098    41.78862    531      4.60     8.60    178.10
  61   星期2 11:22:29  123.69101    41.78767    531      3.70     5.50    178.20
  62   星期2 11:22:32  123.69102    41.78672    532      7.70    -36.00    174.00
  63   星期2 11:22:36  123.69180    41.78608    532     10.10    -42.20    99.20
  65   星期2 11:22:46  123.69269    41.78747    530      2.00    -0.10    357.60
  66   星期2 11:22:51  123.69267    41.78840    532      1.90     1.80    359.00
  67   星期2 11:22:57  123.69265    41.78931    532      4.50     4.00     1.80
  69   星期2 11:23: 8  123.69269    41.79115    535      4.10     5.70    358.50
  70   星期2 11:23:13  123.69269    41.79207    536      3.70     9.00     0.40
  72   星期2 11:23:24  123.69271    41.79392    535      1.10     2.70     1.40
  73   星期2 11:23:30  123.69271    41.79483    535      2.20     1.50    359.60
  74   星期2 11:23:35  123.69269    41.79576    536      2.50     3.90     1.10
  75   星期2 11:23:40  123.69270    41.79669    535      1.00     1.30     0.40
  76   星期2 11:23:46  123.69271    41.79761    534      1.20     4.40    359.50
  77   星期2 11:23:51  123.69273    41.79852    531      3.60     2.30     1.50
  78   星期2 11:23:56  123.69271    41.79942    530      5.20     3.70     0.50
  79   星期2 11:24: 2  123.69273    41.80034    532      4.30     5.10     1.60
  80   星期2 11:24: 8  123.69272    41.80126    534      4.60     3.20     3.10
  81   星期2 11:24:14  123.69275    41.80218    534      3.10    -4.70     5.70
  82   星期2 11:24:20  123.69275    41.80309    537      1.00     0.00     1.20
  83   星期2 11:24:25  123.69270    41.80399    538      4.70    30.00     1.30
  84   星期2 11:24:30  123.69343    41.80467    545      1.10    35.60    62.60
  85   星期2 11:24:34  123.69459    41.80453    547     -5.40    37.20    128.30
  86   星期2 11:24:37  123.69506    41.80371    544     -6.80    33.60    176.20
  87   星期2 11:24:40  123.69485    41.80282    535     -9.80    -7.10    195.40
  88   星期2 11:24:43  123.69466    41.80189    531     -6.50    -2.90    183.70
  89   星期2 11:24:46  123.69463    41.80097    527      0.00     6.70    179.30
  90   星期2 11:24:49  123.69463    41.80007    525      1.00     5.10    179.40
  91   星期2 11:24:52  123.69462    41.79912    526      1.50     3.80    180.40
  92   星期2 11:24:55  123.69461    41.79818    525      3.00     4.40    179.90
  93   星期2 11:24:59  123.69461    41.79727    525      3.10     4.00    180.60
  94   星期2 11:25: 2  123.69460    41.79637    525      5.00     2.60    180.60
  95   星期2 11:25: 5  123.69459    41.79543    526      5.90     3.80    179.10
  96   星期2 11:25: 9  123.69460    41.79449    527      5.30     4.30    179.70
  97   星期2 11:25:12  123.69461    41.79357    527      6.80     6.20    179.50
  98   星期2 11:25:16  123.69460    41.79262    529      5.10     4.10    181.50
  99   星期2 11:25:20  123.69457    41.79167    530      5.50     4.10    179.30
 100   星期2 11:25:23  123.69459    41.79077    533      5.20     7.60    179.90
 101   星期2 11:25:27  123.69457    41.78986    534      2.50     3.70    180.60
 102   星期2 11:25:31  123.69457    41.78893    535      2.80     6.30    179.50
 103   星期2 11:25:34  123.69456    41.78797    535      1.20     3.40    180.10
 104   星期2 11:25:37  123.69460    41.78701    534      1.40    -8.00    176.50
 105   星期2 11:25:41  123.69506    41.78619    537      6.70    -43.20    123.40
 106   星期2 11:25:45  123.69618    41.78621    532      6.80    -39.60    51.50
 107   星期2 11:25:50  123.69635    41.78706    531      2.10     5.40     0.20
 108   星期2 11:25:55  123.69632    41.78798    529      2.00     3.00    358.80
 109   星期2 11:26: 1  123.69628    41.78890    529      5.10     1.50    358.40
 110   星期2 11:26: 6  123.69625    41.78979    531      5.20     7.00    359.30
 111   星期2 11:26:12  123.69627    41.79070    531      5.00     1.90    359.30
 112   星期2 11:26:18  123.69625    41.79162    533      5.40     5.50    357.30
 113   星期2 11:26:25  123.69627    41.79253    535      4.10     1.40     2.30
 115   星期2 11:26:37  123.69628    41.79436    536      3.60     0.60     4.70
 116   星期2 11:26:42  123.69632    41.79528    538      1.00     0.80     5.70
 117   星期2 11:26:48  123.69634    41.79618    540     -0.80     2.40     1.10
 119   星期2 11:26:58  123.69628    41.79805    535      1.50     5.90     0.40
 120   星期2 11:27: 3  123.69628    41.79898    531      3.30     4.80     0.80
 121   星期2 11:27: 8  123.69630    41.79988    530      4.40     4.30    359.50
 122   星期2 11:27:13  123.69632    41.80080    530      4.00     1.20     0.10
 123   星期2 11:27:19  123.69632    41.80172    531      6.00     5.30    359.30
 124   星期2 11:27:25  123.69632    41.80262    532      3.50     4.30     0.40
 125   星期2 11:27:31  123.69633    41.80355    534      2.10     2.00    356.50
 126   星期2 11:27:37  123.69667    41.80439    536      3.80    27.60    48.50
 127   星期2 11:27:42  123.69778    41.80428    537      4.80    41.80    146.70
 128   星期2 11:27:46  123.69792    41.80334    533      0.30    -10.20    181.90
 129   星期2 11:27:49  123.69803    41.80238    530      3.00     6.10    171.60
 130   星期2 11:27:52  123.69813    41.80147    528      3.60     6.50    178.60
 131   星期2 11:27:55  123.69812    41.80057    526      4.50     1.50    179.80
 132   星期2 11:27:59  123.69815    41.79962    527      6.80     7.50    178.70
 133   星期2 11:28: 3  123.69814    41.79869    528      6.20     3.40    180.60
 134   星期2 11:28: 6  123.69811    41.79775    530      5.30     4.10    181.70
 135   星期2 11:28: 9  123.69812    41.79682    531      4.00     7.70    177.00
 136   星期2 11:28:13  123.69817    41.79589    533      5.10     9.50    179.40
 137   星期2 11:28:17  123.69812    41.79497    532      2.70     5.00    183.00
 138   星期2 11:28:20  123.69811    41.79406    530      5.30     6.80    180.40
 139   星期2 11:28:24  123.69803    41.79315    530      4.30    -3.80    185.00
 140   星期2 11:28:27  123.69796    41.79219    537     -0.70    -1.70    180.50
 141   星期2 11:28:31  123.69800    41.79127    538     -1.00     4.00    175.20
 142   星期2 11:28:34  123.69805    41.79031    536     -1.20     3.20    180.40
 143   星期2 11:28:38  123.69805    41.78940    534      0.20     4.60    179.10
 144   星期2 11:28:41  123.69808    41.78848    532      2.70     8.20    178.60
 145   星期2 11:28:44  123.69806    41.78758    532      2.20     5.70    183.10
 146   星期2 11:28:47  123.69801    41.78667    531      4.00    -20.40    178.20
 147   星期2 11:28:51  123.69852    41.78590    532      8.30    -44.70    122.40
 148   星期2 11:28:55  123.69961    41.78598    527      8.50    -38.50    45.80
 149   星期2 11:29: 0  123.69977    41.78687    525      3.50    -1.70     6.10
 150   星期2 11:29: 5  123.69979    41.78778    529      1.40     0.80     0.20
 151   星期2 11:29:10  123.69974    41.78871    533      0.00     2.20     0.30
 152   星期2 11:29:16  123.69972    41.78964    531      3.80     6.30    358.70
 153   星期2 11:29:21  123.69973    41.79057    530      3.50     2.90     1.70
 154   星期2 11:29:26  123.69973    41.79148    529      7.60     6.50     1.40
 155   星期2 11:29:33  123.69973    41.79240    532      5.50     4.00     3.60
 156   星期2 11:29:38  123.69974    41.79331    533      4.20     4.90     3.70
 157   星期2 11:29:44  123.69977    41.79421    532      4.10     3.10     2.30
 158   星期2 11:29:50  123.69979    41.79513    532      5.20     6.40    359.00
 159   星期2 11:29:57  123.69978    41.79603    533      4.40     5.70    358.60
 160   星期2 11:30: 3  123.69981    41.79695    531      6.20    -0.30     4.30
 161   星期2 11:30: 9  123.69984    41.79787    531      6.60    -1.20    358.70
 162   星期2 11:30:15  123.69981    41.79877    532      6.90     3.50    357.00
 163   星期2 11:30:22  123.69979    41.79967    534      5.90     4.00    358.90
 165   星期2 11:30:34  123.69976    41.80149    532      7.10     5.90     0.90
 166   星期2 11:30:40  123.69977    41.80241    534      5.90     3.80     2.20
 167   星期2 11:30:46  123.69979    41.80334    535      4.00     3.20     1.40
 169   星期2 11:30:57  123.70092    41.80460    540      4.70    39.50    110.40
 170   星期2 11:31: 1  123.70149    41.80382    542     -2.70     9.90    181.70
 171   星期2 11:31: 5  123.70150    41.80288    535     -2.00     2.70    174.50
 172   星期2 11:31: 8  123.70159    41.80194    532      1.90     8.30    177.80
 173   星期2 11:31:11  123.70159    41.80100    530      1.10     4.80    179.70
 174   星期2 11:31:15  123.70161    41.80006    530      3.50     6.10    179.30
 176   星期2 11:31:21  123.70160    41.79822    531      2.50     4.80    180.40
 177   星期2 11:31:24  123.70157    41.79730    533      1.60     3.60    180.60
 178   星期2 11:31:28  123.70157    41.79636    533      2.10     7.90    180.10
 179   星期2 11:31:31  123.70156    41.79542    532      2.10     3.60    178.80
 180   星期2 11:31:34  123.70159    41.79448    531      3.70     9.50    180.20
 181   星期2 11:31:37  123.70156    41.79356    530      3.00     3.30    181.00
 182   星期2 11:31:41  123.70154    41.79264    528      5.00     3.40    181.10
 183   星期2 11:31:44  123.70152    41.79174    527      6.80     4.10    180.50
 184   星期2 11:31:47  123.70150    41.79077    528      5.20     3.50    181.00
 185   星期2 11:31:51  123.70149    41.78981    529      5.10     4.00    179.60
 186   星期2 11:31:54  123.70150    41.78885    531      4.90     6.50    179.50
 187   星期2 11:31:58  123.70150    41.78789    531      4.20     5.90    180.30
 188   星期2 11:32: 1  123.70148    41.78699    531      3.10     1.10    179.60
 189   星期2 11:32: 4  123.70133    41.78606    524     -8.30    40.60    202.40
 190   星期2 11:32: 8  123.70055    41.78539    505     -8.60    43.60    239.60
 191   星期2 11:32:11  123.69938    41.78520    484     -10.00    41.90    273.70
 192   星期2 11:32:16  123.69839    41.78573    445     -12.00    36.70    334.30
 193   星期2 11:32:20  123.69840    41.78664    411     -20.90    -2.90    18.30
 194   星期2 11:32:23  123.69844    41.78753    372     -17.50    -13.60    344.00
 195   星期2 11:32:27  123.69785    41.78832    344     -7.90     1.00    321.20
 196   星期2 11:32:31  123.69706    41.78902    338     -2.00     0.00    318.50
 197   星期2 11:32:35  123.69622    41.78967    339      1.10     7.30    312.90
 198   星期2 11:32:39  123.69538    41.79032    339     -2.90    19.40    320.50
 199   星期2 11:32:44  123.69490    41.79115    322     -9.90    16.60    345.60
 200   星期2 11:32:48  123.69459    41.79203    303     -6.50     4.80    341.80
 201   星期2 11:32:52  123.69419    41.79290    294     -2.70     1.90    340.70
 202   星期2 11:32:57  123.69369    41.79372    281     -4.10     0.00    329.10
 203   星期2 11:33: 1  123.69305    41.79451    266     -5.40     1.60    331.30
 204   星期2 11:33: 6  123.69241    41.79531    256     -2.90    -0.20    325.50
 205   星期2 11:33:10  123.69164    41.79605    242     -4.40     3.30    320.80
 206   星期2 11:33:14  123.69080    41.79671    229     -3.90    -24.40    300.80
 207   星期2 11:33:18  123.68961    41.79680    226     -9.60    -27.20    254.20
 208   星期2 11:33:21  123.68863    41.79627    219     -6.60    -29.30    214.70
 209   星期2 11:33:24  123.68826    41.79542    212     -8.00    -20.50    185.20
 210   星期2 11:33:27  123.68840    41.79451    194     -13.80    -12.60    164.90
 211   星期2 11:33:30  123.68889    41.79368    181     -6.90    -2.00    150.40
 212   星期2 11:33:33  123.68951    41.79291    173     -4.40     3.10    147.80
 213   星期2 11:33:36  123.69020    41.79212    167     -2.40    -5.00    144.80
 215   星期2 11:33:42  123.69186    41.79074    157      0.60    -22.90    130.10
 216   星期2 11:33:46  123.69298    41.79039    157      5.50    -27.90    94.00
 217   星期2 11:33:50  123.69405    41.79072    150     -3.40    -33.30    41.10
 219   星期2 11:33:58  123.69334    41.79234    116     -8.60     5.80    313.00
 220   星期2 11:34: 2  123.69249    41.79298    100     -5.40     6.20    317.70
 222   星期2 11:34:11  123.69111    41.79442    104      7.20     0.80    331.10
 223   星期2 11:34:18  123.69017    41.79485    110      2.40    -32.40    245.90
 226   星期2 11:34:30  123.69081    41.79230     97      4.00    -10.00    153.30
 227   星期2 11:34:34  123.69155    41.79159     97      2.80    -30.90    126.40
 228   星期2 11:34:39  123.69268    41.79146     95      7.20    -22.00    71.50
 229   星期2 11:34:45  123.69340    41.79214     93     14.60    -35.80    348.10
 230   星期2 11:34:52  123.69265    41.79281     81     10.10    -6.70    336.40
 231   星期2 11:35: 0  123.69201    41.79355     77     11.90     1.80    332.30
   1   星期2 11:18:23  123.68777    41.80361    528      9.70     0.00    344.00
   2   星期2 11:18:28  123.68689    41.80370    540      2.70    -38.40    213.80
   3   星期2 11:18:32  123.68707    41.80282    538      1.20    20.60    145.60
   4   星期2 11:18:36  123.68731    41.80191    534     -1.40    -5.20    186.30
   5   星期2 11:18:39  123.68732    41.80097    531      3.40     5.10    176.00
   6   星期2 11:18:42  123.68736    41.80002    533      2.70     2.30    179.50
   7   星期2 11:18:46  123.68737    41.79909    533      2.70     4.00    179.30
   8   星期2 11:18:49  123.68738    41.79817    533      2.80     3.10    178.90
   9   星期2 11:18:52  123.68739    41.79726    533      4.00     4.40    180.20
  10   星期2 11:18:55  123.68738    41.79635    532      3.40     3.60    179.80
  11   星期2 11:18:58  123.68737    41.79546    533      1.10     0.60    179.70
  12   星期2 11:19: 2  123.68738    41.79455    536      2.10     5.50    179.70
  13   星期2 11:19: 5  123.68735    41.79360    538     -0.80     0.50    181.60
  14   星期2 11:19: 8  123.68734    41.79265    537      0.60     5.40    179.40
  15   星期2 11:19:12  123.68732    41.79172    537      0.30     0.00    180.30
  17   星期2 11:19:18  123.68734    41.78984    531      4.50     4.60    177.90
  18   星期2 11:19:21  123.68736    41.78893    533      4.80     3.80    180.70
  21   星期2 11:19:31  123.68763    41.78625    536      9.60    -39.90    136.00
  22   星期2 11:19:35  123.68877    41.78608    532      8.30    -38.00    65.30
  24   星期2 11:19:45  123.68923    41.78779    529      6.80     8.30    358.90
  25   星期2 11:19:51  123.68922    41.78870    531      5.60     3.10    358.10
  28   星期2 11:20: 8  123.68923    41.79147    535      4.50     3.00     0.10
  29   星期2 11:20:14  123.68922    41.79240    535      4.90     3.70    359.70
  31   星期2 11:20:25  123.68921    41.79427    535      4.10     3.20    359.90
  32   星期2 11:20:31  123.68922    41.79519    536      3.70     4.60    358.70
  33   星期2 11:20:36  123.68921    41.79612    537      4.30     9.50    358.90
  34   星期2 11:20:41  123.68921    41.79703    536      2.00     2.40     1.20
  35   星期2 11:20:47  123.68921    41.79796    536      2.20     3.70     0.80
  36   星期2 11:20:52  123.68924    41.79888    535      2.00     1.20     0.10
  37   星期2 11:20:58  123.68923    41.79980    532      6.00     2.90    359.70
  38   星期2 11:21: 4  123.68923    41.80070    534      2.50     0.40     1.60
  39   星期2 11:21: 9  123.68926    41.80162    534      3.20     3.80    359.80
  40   星期2 11:21:14  123.68927    41.80253    536      1.70     3.80    357.30
  41   星期2 11:21:19  123.68925    41.80345    537      0.80     4.40    358.10
  42   星期2 11:21:25  123.68956    41.80431    541      0.20    21.10    49.10
  44   星期2 11:21:33  123.69117    41.80353    542     -4.60    14.50    182.90
  45   星期2 11:21:36  123.69103    41.80259    532     -1.40    -6.30    184.40
  46   星期2 11:21:39  123.69099    41.80169    529     -1.30     1.90    179.40
  47   星期2 11:21:42  123.69101    41.80074    529      0.10     3.60    178.50
  48   星期2 11:21:45  123.69106    41.79982    531      0.60     7.90    177.50
  49   星期2 11:21:49  123.69104    41.79889    532     -0.70     1.70    183.20
  50   星期2 11:21:52  123.69098    41.79794    529      1.30     0.10    181.10
  51   星期2 11:21:55  123.69098    41.79701    528      3.40     4.50    178.70
  52   星期2 11:21:58  123.69100    41.79611    529      3.50     3.30    179.40
  54   星期2 11:22: 5  123.69099    41.79419    531      2.60     2.80    179.90
  56   星期2 11:22:12  123.69101    41.79238    533      2.10     8.40    179.20
  57   星期2 11:22:15  123.69098    41.79146    534      1.20    -0.10    181.80
  58   星期2 11:22:18  123.69097    41.79055    533      1.90     4.20    179.30
  59   星期2 11:22:22  123.69097    41.78959    533      2.30     1.30    180.90
  60   星期2 11:22:25  123.69098    41.78862    531      4.60     8.60    178.10
  61   星期2 11:22:29  123.69101    41.78767    531      3.70     5.50    178.20
  62   星期2 11:22:32  123.69102    41.78672    532      7.70    -36.00    174.00
  63   星期2 11:22:36  123.69180    41.78608    532     10.10    -42.20    99.20
  64   星期2 11:22:41  123.69269    41.78657    532      5.60    -23.00     4.10
  65   星期2 11:22:46  123.69269    41.78747    530      2.00    -0.10    357.60
  67   星期2 11:22:57  123.69265    41.78931    532      4.50     4.00     1.80
  68   星期2 11:23: 3  123.69269    41.79021    535      3.60     6.30    358.10
  69   星期2 11:23: 8  123.69269    41.79115    535      4.10     5.70    358.50
  70   星期2 11:23:13  123.69269    41.79207    536      3.70     9.00     0.40
  71   星期2 11:23:19  123.69270    41.79299    535      2.20     3.90     0.10
  72   星期2 11:23:24  123.69271    41.79392    535      1.10     2.70     1.40
  74   星期2 11:23:35  123.69269    41.79576    536      2.50     3.90     1.10
  75   星期2 11:23:40  123.69270    41.79669    535      1.00     1.30     0.40
  78   星期2 11:23:56  123.69271    41.79942    530      5.20     3.70     0.50
  79   星期2 11:24: 2  123.69273    41.80034    532      4.30     5.10     1.60
  82   星期2 11:24:20  123.69275    41.80309    537      1.00     0.00     1.20
  83   星期2 11:24:25  123.69270    41.80399    538      4.70    30.00     1.30
  84   星期2 11:24:30  123.69343    41.80467    545      1.10    35.60    62.60
  85   星期2 11:24:34  123.69459    41.80453    547     -5.40    37.20    128.30
  86   星期2 11:24:37  123.69506    41.80371    544     -6.80    33.60    176.20
  87   星期2 11:24:40  123.69485    41.80282    535     -9.80    -7.10    195.40
  88   星期2 11:24:43  123.69466    41.80189    531     -6.50    -2.90    183.70
  89   星期2 11:24:46  123.69463    41.80097    527      0.00     6.70    179.30
  90   星期2 11:24:49  123.69463    41.80007    525      1.00     5.10    179.40
  91   星期2 11:24:52  123.69462    41.79912    526      1.50     3.80    180.40
  92   星期2 11:24:55  123.69461    41.79818    525      3.00     4.40    179.90
  94   星期2 11:25: 2  123.69460    41.79637    525      5.00     2.60    180.60
  95   星期2 11:25: 5  123.69459    41.79543    526      5.90     3.80    179.10
  96   星期2 11:25: 9  123.69460    41.79449    527      5.30     4.30    179.70
  97   星期2 11:25:12  123.69461    41.79357    527      6.80     6.20    179.50
  98   星期2 11:25:16  123.69460    41.79262    529      5.10     4.10    181.50
  99   星期2 11:25:20  123.69457    41.79167    530      5.50     4.10    179.30
 100   星期2 11:25:23  123.69459    41.79077    533      5.20     7.60    179.90
 101   星期2 11:25:27  123.69457    41.78986    534      2.50     3.70    180.60
 102   星期2 11:25:31  123.69457    41.78893    535      2.80     6.30    179.50
 103   星期2 11:25:34  123.69456    41.78797    535      1.20     3.40    180.10
 104   星期2 11:25:37  123.69460    41.78701    534      1.40    -8.00    176.50
 105   星期2 11:25:41  123.69506    41.78619    537      6.70    -43.20    123.40
 106   星期2 11:25:45  123.69618    41.78621    532      6.80    -39.60    51.50
 107   星期2 11:25:50  123.69635    41.78706    531      2.10     5.40     0.20
 108   星期2 11:25:55  123.69632    41.78798    529      2.00     3.00    358.80
 109   星期2 11:26: 1  123.69628    41.78890    529      5.10     1.50    358.40
 110   星期2 11:26: 6  123.69625    41.78979    531      5.20     7.00    359.30
 111   星期2 11:26:12  123.69627    41.79070    531      5.00     1.90    359.30
 112   星期2 11:26:18  123.69625    41.79162    533      5.40     5.50    357.30
 113   星期2 11:26:25  123.69627    41.79253    535      4.10     1.40     2.30
 114   星期2 11:26:31  123.69628    41.79345    534      4.50     3.80    359.30
 115   星期2 11:26:37  123.69628    41.79436    536      3.60     0.60     4.70
 117   星期2 11:26:48  123.69634    41.79618    540     -0.80     2.40     1.10
 118   星期2 11:26:53  123.69631    41.79712    541     -1.10     4.10    357.60
 119   星期2 11:26:58  123.69628    41.79805    535      1.50     5.90     0.40
 121   星期2 11:27: 8  123.69630    41.79988    530      4.40     4.30    359.50
 122   星期2 11:27:13  123.69632    41.80080    530      4.00     1.20     0.10
 124   星期2 11:27:25  123.69632    41.80262    532      3.50     4.30     0.40
 125   星期2 11:27:31  123.69633    41.80355    534      2.10     2.00    356.50
 126   星期2 11:27:37  123.69667    41.80439    536      3.80    27.60    48.50
 128   星期2 11:27:46  123.69792    41.80334    533      0.30    -10.20    181.90
 129   星期2 11:27:49  123.69803    41.80238    530      3.00     6.10    171.60
 130   星期2 11:27:52  123.69813    41.80147    528      3.60     6.50    178.60
 131   星期2 11:27:55  123.69812    41.80057    526      4.50     1.50    179.80
 132   星期2 11:27:59  123.69815    41.79962    527      6.80     7.50    178.70
 133   星期2 11:28: 3  123.69814    41.79869    528      6.20     3.40    180.60
 134   星期2 11:28: 6  123.69811    41.79775    530      5.30     4.10    181.70
 135   星期2 11:28: 9  123.69812    41.79682    531      4.00     7.70    177.00
 136   星期2 11:28:13  123.69817    41.79589    533      5.10     9.50    179.40
 137   星期2 11:28:17  123.69812    41.79497    532      2.70     5.00    183.00
 138   星期2 11:28:20  123.69811    41.79406    530      5.30     6.80    180.40
 139   星期2 11:28:24  123.69803    41.79315    530      4.30    -3.80    185.00
 140   星期2 11:28:27  123.69796    41.79219    537     -0.70    -1.70    180.50
 141   星期2 11:28:31  123.69800    41.79127    538     -1.00     4.00    175.20
 142   星期2 11:28:34  123.69805    41.79031    536     -1.20     3.20    180.40
 144   星期2 11:28:41  123.69808    41.78848    532      2.70     8.20    178.60
 145   星期2 11:28:44  123.69806    41.78758    532      2.20     5.70    183.10
 146   星期2 11:28:47  123.69801    41.78667    531      4.00    -20.40    178.20
 147   星期2 11:28:51  123.69852    41.78590    532      8.30    -44.70    122.40
 148   星期2 11:28:55  123.69961    41.78598    527      8.50    -38.50    45.80
 149   星期2 11:29: 0  123.69977    41.78687    525      3.50    -1.70     6.10
 150   星期2 11:29: 5  123.69979    41.78778    529      1.40     0.80     0.20
 151   星期2 11:29:10  123.69974    41.78871    533      0.00     2.20     0.30
 152   星期2 11:29:16  123.69972    41.78964    531      3.80     6.30    358.70
 153   星期2 11:29:21  123.69973    41.79057    530      3.50     2.90     1.70
 154   星期2 11:29:26  123.69973    41.79148    529      7.60     6.50     1.40
 155   星期2 11:29:33  123.69973    41.79240    532      5.50     4.00     3.60
 156   星期2 11:29:38  123.69974    41.79331    533      4.20     4.90     3.70
 157   星期2 11:29:44  123.69977    41.79421    532      4.10     3.10     2.30
 158   星期2 11:29:50  123.69979    41.79513    532      5.20     6.40    359.00
 159   星期2 11:29:57  123.69978    41.79603    533      4.40     5.70    358.60
 160   星期2 11:30: 3  123.69981    41.79695    531      6.20    -0.30     4.30
 161   星期2 11:30: 9  123.69984    41.79787    531      6.60    -1.20    358.70
 162   星期2 11:30:15  123.69981    41.79877    532      6.90     3.50    357.00
 163   星期2 11:30:22  123.69979    41.79967    534      5.90     4.00    358.90
 164   星期2 11:30:28  123.69976    41.80058    534      5.10     6.70     0.10
 165   星期2 11:30:34  123.69976    41.80149    532      7.10     5.90     0.90
 167   星期2 11:30:46  123.69979    41.80334    535      4.00     3.20     1.40
 168   星期2 11:30:52  123.69988    41.80425    534      9.90    26.80    29.10
 169   星期2 11:30:57  123.70092    41.80460    540      4.70    39.50    110.40
 171   星期2 11:31: 5  123.70150    41.80288    535     -2.00     2.70    174.50
 172   星期2 11:31: 8  123.70159    41.80194    532      1.90     8.30    177.80
 174   星期2 11:31:15  123.70161    41.80006    530      3.50     6.10    179.30
 175   星期2 11:31:18  123.70161    41.79915    530      3.30     5.00    180.40
 176   星期2 11:31:21  123.70160    41.79822    531      2.50     4.80    180.40
 177   星期2 11:31:24  123.70157    41.79730    533      1.60     3.60    180.60
 178   星期2 11:31:28  123.70157    41.79636    533      2.10     7.90    180.10
 179   星期2 11:31:31  123.70156    41.79542    532      2.10     3.60    178.80
 180   星期2 11:31:34  123.70159    41.79448    531      3.70     9.50    180.20
 181   星期2 11:31:37  123.70156    41.79356    530      3.00     3.30    181.00
 182   星期2 11:31:41  123.70154    41.79264    528      5.00     3.40    181.10
 183   星期2 11:31:44  123.70152    41.79174    527      6.80     4.10    180.50
 184   星期2 11:31:47  123.70150    41.79077    528      5.20     3.50    181.00
 185   星期2 11:31:51  123.70149    41.78981    529      5.10     4.00    179.60
 186   星期2 11:31:54  123.70150    41.78885    531      4.90     6.50    179.50
 187   星期2 11:31:58  123.70150    41.78789    531      4.20     5.90    180.30
 188   星期2 11:32: 1  123.70148    41.78699    531      3.10     1.10    179.60
 189   星期2 11:32: 4  123.70133    41.78606    524     -8.30    40.60    202.40
 190   星期2 11:32: 8  123.70055    41.78539    505     -8.60    43.60    239.60
 191   星期2 11:32:11  123.69938    41.78520    484     -10.00    41.90    273.70
 192   星期2 11:32:16  123.69839    41.78573    445     -12.00    36.70    334.30
 194   星期2 11:32:23  123.69844    41.78753    372     -17.50    -13.60    344.00
 195   星期2 11:32:27  123.69785    41.78832    344     -7.90     1.00    321.20
 196   星期2 11:32:31  123.69706    41.78902    338     -2.00     0.00    318.50
 197   星期2 11:32:35  123.69622    41.78967    339      1.10     7.30    312.90
 198   星期2 11:32:39  123.69538    41.79032    339     -2.90    19.40    320.50
 199   星期2 11:32:44  123.69490    41.79115    322     -9.90    16.60    345.60
 200   星期2 11:32:48  123.69459    41.79203    303     -6.50     4.80    341.80
 201   星期2 11:32:52  123.69419    41.79290    294     -2.70     1.90    340.70
 202   星期2 11:32:57  123.69369    41.79372    281     -4.10     0.00    329.10
 203   星期2 11:33: 1  123.69305    41.79451    266     -5.40     1.60    331.30
 204   星期2 11:33: 6  123.69241    41.79531    256     -2.90    -0.20    325.50
 205   星期2 11:33:10  123.69164    41.79605    242     -4.40     3.30    320.80
 206   星期2 11:33:14  123.69080    41.79671    229     -3.90    -24.40    300.80
 207   星期2 11:33:18  123.68961    41.79680    226     -9.60    -27.20    254.20
 208   星期2 11:33:21  123.68863    41.79627    219     -6.60    -29.30    214.70
 209   星期2 11:33:24  123.68826    41.79542    212     -8.00    -20.50    185.20
 210   星期2 11:33:27  123.68840    41.79451    194     -13.80    -12.60    164.90
 211   星期2 11:33:30  123.68889    41.79368    181     -6.90    -2.00    150.40
 212   星期2 11:33:33  123.68951    41.79291    173     -4.40     3.10    147.80
 213   星期2 11:33:36  123.69020    41.79212    167     -2.40    -5.00    144.80
 214   星期2 11:33:39  123.69096    41.79141    160     -2.00    -0.70    138.50
 215   星期2 11:33:42  123.69186    41.79074    157      0.60    -22.90    130.10
 217   星期2 11:33:50  123.69405    41.79072    150     -3.40    -33.30    41.10
 218   星期2 11:33:54  123.69411    41.79163    139     -8.40    -26.50    337.60
 219   星期2 11:33:58  123.69334    41.79234    116     -8.60     5.80    313.00
 221   星期2 11:34: 6  123.69171    41.79366     92     -1.40     9.70    321.90
 222   星期2 11:34:11  123.69111    41.79442    104      7.20     0.80    331.10
 224   星期2 11:34:22  123.68981    41.79401    106     -6.70    -1.70    165.90
 225   星期2 11:34:26  123.69026    41.79314     97     -3.00    -2.30    154.70
 228   星期2 11:34:39  123.69268    41.79146     95      7.20    -22.00    71.50
 229   星期2 11:34:45  123.69340    41.79214     93     14.60    -35.80    348.10
 230   星期2 11:34:52  123.69265    41.79281     81     10.10    -6.70    336.40
   1   星期2 11:18:23  123.68777    41.80361    528      9.70     0.00    344.00
   2   星期2 11:18:28  123.68689    41.80370    540      2.70    -38.40    213.80
   3   星期2 11:18:32  123.68707    41.80282    538      1.20    20.60    145.60
   4   星期2 11:18:36  123.68731    41.80191    534     -1.40    -5.20    186.30
   5   星期2 11:18:39  123.68732    41.80097    531      3.40     5.10    176.00
   6   星期2 11:18:42  123.68736    41.80002    533      2.70     2.30    179.50
   7   星期2 11:18:46  123.68737    41.79909    533      2.70     4.00    179.30
   8   星期2 11:18:49  123.68738    41.79817    533      2.80     3.10    178.90
   9   星期2 11:18:52  123.68739    41.79726    533      4.00     4.40    180.20
  10   星期2 11:18:55  123.68738    41.79635    532      3.40     3.60    179.80
  11   星期2 11:18:58  123.68737    41.79546    533      1.10     0.60    179.70
  12   星期2 11:19: 2  123.68738    41.79455    536      2.10     5.50    179.70
  13   星期2 11:19: 5  123.68735    41.79360    538     -0.80     0.50    181.60
  14   星期2 11:19: 8  123.68734    41.79265    537      0.60     5.40    179.40
  16   星期2 11:19:15  123.68733    41.79077    533      2.80     3.70    179.70
  17   星期2 11:19:18  123.68734    41.78984    531      4.50     4.60    177.90
  18   星期2 11:19:21  123.68736    41.78893    533      4.80     3.80    180.70
  20   星期2 11:19:28  123.68735    41.78710    534      1.80     1.70    179.50
  21   星期2 11:19:31  123.68763    41.78625    536      9.60    -39.90    136.00
  23   星期2 11:19:40  123.68919    41.78688    528      3.30     3.20     3.00
  24   星期2 11:19:45  123.68923    41.78779    529      6.80     8.30    358.90
  25   星期2 11:19:51  123.68922    41.78870    531      5.60     3.10    358.10
  26   星期2 11:19:56  123.68923    41.78961    530      5.50     0.30     0.90
  27   星期2 11:20: 2  123.68926    41.79053    534      4.50    -0.50    359.40
  28   星期2 11:20: 8  123.68923    41.79147    535      4.50     3.00     0.10
  29   星期2 11:20:14  123.68922    41.79240    535      4.90     3.70    359.70
  30   星期2 11:20:19  123.68922    41.79334    534      5.10     3.30    359.80
  31   星期2 11:20:25  123.68921    41.79427    535      4.10     3.20    359.90
  32   星期2 11:20:31  123.68922    41.79519    536      3.70     4.60    358.70
  33   星期2 11:20:36  123.68921    41.79612    537      4.30     9.50    358.90
  34   星期2 11:20:41  123.68921    41.79703    536      2.00     2.40     1.20
  35   星期2 11:20:47  123.68921    41.79796    536      2.20     3.70     0.80
  36   星期2 11:20:52  123.68924    41.79888    535      2.00     1.20     0.10
  37   星期2 11:20:58  123.68923    41.79980    532      6.00     2.90    359.70
  38   星期2 11:21: 4  123.68923    41.80070    534      2.50     0.40     1.60
  39   星期2 11:21: 9  123.68926    41.80162    534      3.20     3.80    359.80
  40   星期2 11:21:14  123.68927    41.80253    536      1.70     3.80    357.30
  41   星期2 11:21:19  123.68925    41.80345    537      0.80     4.40    358.10
  43   星期2 11:21:29  123.69070    41.80436    543      1.00    43.00    124.30
  44   星期2 11:21:33  123.69117    41.80353    542     -4.60    14.50    182.90
  45   星期2 11:21:36  123.69103    41.80259    532     -1.40    -6.30    184.40
  46   星期2 11:21:39  123.69099    41.80169    529     -1.30     1.90    179.40
  47   星期2 11:21:42  123.69101    41.80074    529      0.10     3.60    178.50
  48   星期2 11:21:45  123.69106    41.79982    531      0.60     7.90    177.50
  49   星期2 11:21:49  123.69104    41.79889    532     -0.70     1.70    183.20
  50   星期2 11:21:52  123.69098    41.79794    529      1.30     0.10    181.10
  51   星期2 11:21:55  123.69098    41.79701    528      3.40     4.50    178.70
  52   星期2 11:21:58  123.69100    41.79611    529      3.50     3.30    179.40
  53   星期2 11:22: 2  123.69099    41.79515    529      3.60     2.30    179.90
  54   星期2 11:22: 5  123.69099    41.79419    531      2.60     2.80    179.90
  55   星期2 11:22: 8  123.69099    41.79328    532      3.00     5.20    179.50
  56   星期2 11:22:12  123.69101    41.79238    533      2.10     8.40    179.20
  57   星期2 11:22:15  123.69098    41.79146    534      1.20    -0.10    181.80
  58   星期2 11:22:18  123.69097    41.79055    533      1.90     4.20    179.30
  59   星期2 11:22:22  123.69097    41.78959    533      2.30     1.30    180.90
  60   星期2 11:22:25  123.69098    41.78862    531      4.60     8.60    178.10
  61   星期2 11:22:29  123.69101    41.78767    531      3.70     5.50    178.20
  62   星期2 11:22:32  123.69102    41.78672    532      7.70    -36.00    174.00
  63   星期2 11:22:36  123.69180    41.78608    532     10.10    -42.20    99.20
  64   星期2 11:22:41  123.69269    41.78657    532      5.60    -23.00     4.10
  66   星期2 11:22:51  123.69267    41.78840    532      1.90     1.80    359.00
  67   星期2 11:22:57  123.69265    41.78931    532      4.50     4.00     1.80
  68   星期2 11:23: 3  123.69269    41.79021    535      3.60     6.30    358.10
  69   星期2 11:23: 8  123.69269    41.79115    535      4.10     5.70    358.50
  70   星期2 11:23:13  123.69269    41.79207    536      3.70     9.00     0.40
  71   星期2 11:23:19  123.69270    41.79299    535      2.20     3.90     0.10
  73   星期2 11:23:30  123.69271    41.79483    535      2.20     1.50    359.60
  74   星期2 11:23:35  123.69269    41.79576    536      2.50     3.90     1.10
  75   星期2 11:23:40  123.69270    41.79669    535      1.00     1.30     0.40
  76   星期2 11:23:46  123.69271    41.79761    534      1.20     4.40    359.50
  77   星期2 11:23:51  123.69273    41.79852    531      3.60     2.30     1.50
  78   星期2 11:23:56  123.69271    41.79942    530      5.20     3.70     0.50
  79   星期2 11:24: 2  123.69273    41.80034    532      4.30     5.10     1.60
  80   星期2 11:24: 8  123.69272    41.80126    534      4.60     3.20     3.10
  81   星期2 11:24:14  123.69275    41.80218    534      3.10    -4.70     5.70
  82   星期2 11:24:20  123.69275    41.80309    537      1.00     0.00     1.20
  83   星期2 11:24:25  123.69270    41.80399    538      4.70    30.00     1.30
  84   星期2 11:24:30  123.69343    41.80467    545      1.10    35.60    62.60
  85   星期2 11:24:34  123.69459    41.80453    547     -5.40    37.20    128.30
  86   星期2 11:24:37  123.69506    41.80371    544     -6.80    33.60    176.20
  87   星期2 11:24:40  123.69485    41.80282    535     -9.80    -7.10    195.40
  88   星期2 11:24:43  123.69466    41.80189    531     -6.50    -2.90    183.70
  89   星期2 11:24:46  123.69463    41.80097    527      0.00     6.70    179.30
  90   星期2 11:24:49  123.69463    41.80007    525      1.00     5.10    179.40
  91   星期2 11:24:52  123.69462    41.79912    526      1.50     3.80    180.40
  92   星期2 11:24:55  123.69461    41.79818    525      3.00     4.40    179.90
  93   星期2 11:24:59  123.69461    41.79727    525      3.10     4.00    180.60
  94   星期2 11:25: 2  123.69460    41.79637    525      5.00     2.60    180.60
  95   星期2 11:25: 5  123.69459    41.79543    526      5.90     3.80    179.10
  96   星期2 11:25: 9  123.69460    41.79449    527      5.30     4.30    179.70
  97   星期2 11:25:12  123.69461    41.79357    527      6.80     6.20    179.50
  98   星期2 11:25:16  123.69460    41.79262    529      5.10     4.10    181.50
  99   星期2 11:25:20  123.69457    41.79167    530      5.50     4.10    179.30
 100   星期2 11:25:23  123.69459    41.79077    533      5.20     7.60    179.90
 101   星期2 11:25:27  123.69457    41.78986    534      2.50     3.70    180.60
 102   星期2 11:25:31  123.69457    41.78893    535      2.80     6.30    179.50
 103   星期2 11:25:34  123.69456    41.78797    535      1.20     3.40    180.10
 104   星期2 11:25:37  123.69460    41.78701    534      1.40    -8.00    176.50
 105   星期2 11:25:41  123.69506    41.78619    537      6.70    -43.20    123.40
 106   星期2 11:25:45  123.69618    41.78621    532      6.80    -39.60    51.50
 107   星期2 11:25:50  123.69635    41.78706    531      2.10     5.40     0.20
 108   星期2 11:25:55  123.69632    41.78798    529      2.00     3.00    358.80
 109   星期2 11:26: 1  123.69628    41.78890    529      5.10     1.50    358.40
 110   星期2 11:26: 6  123.69625    41.78979    531      5.20     7.00    359.30
 111   星期2 11:26:12  123.69627    41.79070    531      5.00     1.90    359.30
 112   星期2 11:26:18  123.69625    41.79162    533      5.40     5.50    357.30
 113   星期2 11:26:25  123.69627    41.79253    535      4.10     1.40     2.30
 114   星期2 11:26:31  123.69628    41.79345    534      4.50     3.80    359.30
 116   星期2 11:26:42  123.69632    41.79528    538      1.00     0.80     5.70
 117   星期2 11:26:48  123.69634    41.79618    540     -0.80     2.40     1.10
 118   星期2 11:26:53  123.69631    41.79712    541     -1.10     4.10    357.60
 120   星期2 11:27: 3  123.69628    41.79898    531      3.30     4.80     0.80
 121   星期2 11:27: 8  123.69630    41.79988    530      4.40     4.30    359.50
 123   星期2 11:27:19  123.69632    41.80172    531      6.00     5.30    359.30
 124   星期2 11:27:25  123.69632    41.80262    532      3.50     4.30     0.40
 125   星期2 11:27:31  123.69633    41.80355    534      2.10     2.00    356.50
 126   星期2 11:27:37  123.69667    41.80439    536      3.80    27.60    48.50
 127   星期2 11:27:42  123.69778    41.80428    537      4.80    41.80    146.70
 128   星期2 11:27:46  123.69792    41.80334    533      0.30    -10.20    181.90
 129   星期2 11:27:49  123.69803    41.80238    530      3.00     6.10    171.60
 130   星期2 11:27:52  123.69813    41.80147    528      3.60     6.50    178.60
 131   星期2 11:27:55  123.69812    41.80057    526      4.50     1.50    179.80
 132   星期2 11:27:59  123.69815    41.79962    527      6.80     7.50    178.70
 133   星期2 11:28: 3  123.69814    41.79869    528      6.20     3.40    180.60
 134   星期2 11:28: 6  123.69811    41.79775    530      5.30     4.10    181.70
 135   星期2 11:28: 9  123.69812    41.79682    531      4.00     7.70    177.00
 136   星期2 11:28:13  123.69817    41.79589    533      5.10     9.50    179.40
 137   星期2 11:28:17  123.69812    41.79497    532      2.70     5.00    183.00
 138   星期2 11:28:20  123.69811    41.79406    530      5.30     6.80    180.40
 139   星期2 11:28:24  123.69803    41.79315    530      4.30    -3.80    185.00
 140   星期2 11:28:27  123.69796    41.79219    537     -0.70    -1.70    180.50
 141   星期2 11:28:31  123.69800    41.79127    538     -1.00     4.00    175.20
 142   星期2 11:28:34  123.69805    41.79031    536     -1.20     3.20    180.40
 143   星期2 11:28:38  123.69805    41.78940    534      0.20     4.60    179.10
 144   星期2 11:28:41  123.69808    41.78848    532      2.70     8.20    178.60
 145   星期2 11:28:44  123.69806    41.78758    532      2.20     5.70    183.10
 146   星期2 11:28:47  123.69801    41.78667    531      4.00    -20.40    178.20
 147   星期2 11:28:51  123.69852    41.78590    532      8.30    -44.70    122.40
 148   星期2 11:28:55  123.69961    41.78598    527      8.50    -38.50    45.80
 149   星期2 11:29: 0  123.69977    41.78687    525      3.50    -1.70     6.10
 150   星期2 11:29: 5  123.69979    41.78778    529      1.40     0.80     0.20
 151   星期2 11:29:10  123.69974    41.78871    533      0.00     2.20     0.30
 152   星期2 11:29:16  123.69972    41.78964    531      3.80     6.30    358.70
 153   星期2 11:29:21  123.69973    41.79057    530      3.50     2.90     1.70
 154   星期2 11:29:26  123.69973    41.79148    529      7.60     6.50     1.40
 155   星期2 11:29:33  123.69973    41.79240    532      5.50     4.00     3.60
 156   星期2 11:29:38  123.69974    41.79331    533      4.20     4.90     3.70
 157   星期2 11:29:44  123.69977    41.79421    532      4.10     3.10     2.30
 158   星期2 11:29:50  123.69979    41.79513    532      5.20     6.40    359.00
 159   星期2 11:29:57  123.69978    41.79603    533      4.40     5.70    358.60
 160   星期2 11:30: 3  123.69981    41.79695    531      6.20    -0.30     4.30
 161   星期2 11:30: 9  123.69984    41.79787    531      6.60    -1.20    358.70
 162   星期2 11:30:15  123.69981    41.79877    532      6.90     3.50    357.00
 163   星期2 11:30:22  123.69979    41.79967    534      5.90     4.00    358.90
 164   星期2 11:30:28  123.69976    41.80058    534      5.10     6.70     0.10
 166   星期2 11:30:40  123.69977    41.80241    534      5.90     3.80     2.20
 167   星期2 11:30:46  123.69979    41.80334    535      4.00     3.20     1.40
 168   星期2 11:30:52  123.69988    41.80425    534      9.90    26.80    29.10
 170   星期2 11:31: 1  123.70149    41.80382    542     -2.70     9.90    181.70
 171   星期2 11:31: 5  123.70150    41.80288    535     -2.00     2.70    174.50
 173   星期2 11:31:11  123.70159    41.80100    530      1.10     4.80    179.70
 174   星期2 11:31:15  123.70161    41.80006    530      3.50     6.10    179.30
 175   星期2 11:31:18  123.70161    41.79915    530      3.30     5.00    180.40
 176   星期2 11:31:21  123.70160    41.79822    531      2.50     4.80    180.40
 177   星期2 11:31:24  123.70157    41.79730    533      1.60     3.60    180.60
 178   星期2 11:31:28  123.70157    41.79636    533      2.10     7.90    180.10
 179   星期2 11:31:31  123.70156    41.79542    532      2.10     3.60    178.80
 180   星期2 11:31:34  123.70159    41.79448    531      3.70     9.50    180.20
 181   星期2 11:31:37  123.70156    41.79356    530      3.00     3.30    181.00
 182   星期2 11:31:41  123.70154    41.79264    528      5.00     3.40    181.10
 183   星期2 11:31:44  123.70152    41.79174    527      6.80     4.10    180.50
 184   星期2 11:31:47  123.70150    41.79077    528      5.20     3.50    181.00
 185   星期2 11:31:51  123.70149    41.78981    529      5.10     4.00    179.60
 186   星期2 11:31:54  123.70150    41.78885    531      4.90     6.50    179.50
 187   星期2 11:31:58  123.70150    41.78789    531      4.20     5.90    180.30
 188   星期2 11:32: 1  123.70148    41.78699    531      3.10     1.10    179.60
 189   星期2 11:32: 4  123.70133    41.78606    524     -8.30    40.60    202.40
 190   星期2 11:32: 8  123.70055    41.78539    505     -8.60    43.60    239.60
 191   星期2 11:32:11  123.69938    41.78520    484     -10.00    41.90    273.70
 192   星期2 11:32:16  123.69839    41.78573    445     -12.00    36.70    334.30
 193   星期2 11:32:20  123.69840    41.78664    411     -20.90    -2.90    18.30
 194   星期2 11:32:23  123.69844    41.78753    372     -17.50    -13.60    344.00
 195   星期2 11:32:27  123.69785    41.78832    344     -7.90     1.00    321.20
 196   星期2 11:32:31  123.69706    41.78902    338     -2.00     0.00    318.50
 197   星期2 11:32:35  123.69622    41.78967    339      1.10     7.30    312.90
 198   星期2 11:32:39  123.69538    41.79032    339     -2.90    19.40    320.50
 199   星期2 11:32:44  123.69490    41.79115    322     -9.90    16.60    345.60
 200   星期2 11:32:48  123.69459    41.79203    303     -6.50     4.80    341.80
 201   星期2 11:32:52  123.69419    41.79290    294     -2.70     1.90    340.70
 202   星期2 11:32:57  123.69369    41.79372    281     -4.10     0.00    329.10
 203   星期2 11:33: 1  123.69305    41.79451    266     -5.40     1.60    331.30
 204   星期2 11:33: 6  123.69241    41.79531    256     -2.90    -0.20    325.50
 205   星期2 11:33:10  123.69164    41.79605    242     -4.40     3.30    320.80
 206   星期2 11:33:14  123.69080    41.79671    229     -3.90    -24.40    300.80
 207   星期2 11:33:18  123.68961    41.79680    226     -9.60    -27.20    254.20
 208   星期2 11:33:21  123.68863    41.79627    219     -6.60    -29.30    214.70
 209   星期2 11:33:24  123.68826    41.79542    212     -8.00    -20.50    185.20
 210   星期2 11:33:27  123.68840    41.79451    194     -13.80    -12.60    164.90
 211   星期2 11:33:30  123.68889    41.79368    181     -6.90    -2.00    150.40
 212   星期2 11:33:33  123.68951    41.79291    173     -4.40     3.10    147.80
 213   星期2 11:33:36  123.69020    41.79212    167     -2.40    -5.00    144.80
 214   星期2 11:33:39  123.69096    41.79141    160     -2.00    -0.70    138.50
 216   星期2 11:33:46  123.69298    41.79039    157      5.50    -27.90    94.00
 217   星期2 11:33:50  123.69405    41.79072    150     -3.40    -33.30    41.10
 218   星期2 11:33:54  123.69411    41.79163    139     -8.40    -26.50    337.60
 219   星期2 11:33:58  123.69334    41.79234    116     -8.60     5.80    313.00
 220   星期2 11:34: 2  123.69249    41.79298    100     -5.40     6.20    317.70
 221   星期2 11:34: 6  123.69171    41.79366     92     -1.40     9.70    321.90
 223   星期2 11:34:18  123.69017    41.79485    110      2.40    -32.40    245.90
 224   星期2 11:34:22  123.68981    41.79401    106     -6.70    -1.70    165.90
 225   星期2 11:34:26  123.69026    41.79314     97     -3.00    -2.30    154.70
 226   星期2 11:34:30  123.69081    41.79230     97      4.00    -10.00    153.30
 227   星期2 11:34:34  123.69155    41.79159     97      2.80    -30.90    126.40
 228   星期2 11:34:39  123.69268    41.79146     95      7.20    -22.00    71.50
 229   星期2 11:34:45  123.69340    41.79214     93     14.60    -35.80    348.10
 230   星期2 11:34:52  123.69265    41.79281     81     10.10    -6.70    336.40
 231   星期2 11:35: 0  123.69201    41.79355     77     11.90     1.80    332.30
   1   星期2 11:18:23  123.68777    41.80361    528      9.70     0.00    344.00
   2   星期2 11:18:28  123.68689    41.80370    540      2.70    -38.40    213.80
   3   星期2 11:18:32  123.68707    41.80282    538      1.20    20.60    145.60
   4   星期2 11:18:36  123.68731    41.80191    534     -1.40    -5.20    186.30
   5   星期2 11:18:39  123.68732    41.80097    531      3.40     5.10    176.00
   6   星期2 11:18:42  123.68736    41.80002    533      2.70     2.30    179.50
   7   星期2 11:18:46  123.68737    41.79909    533      2.70     4.00    179.30
