15:30: 5   56  104.38614  30.49739  928.2  68.54  50.99  4860
15:30: 9   56  104.38668  30.49795  925.6  74.74  28.98  4860
15:30:10   56  104.38678  30.49812  926.2  74.23  25.12  4980
15:30:13   56  104.38700  30.49865  927.2  74.48  14.65  4920
15:30:14   56  104.38705  30.49883  927.3  74.95  12.69  4920
15:30:21   56  104.38725  30.50012  925.9  72.29  3.69  4860
15:30:24   56  104.38728  30.50065  926.9  69.30  2.98  4860
15:30:27   56  104.38731  30.50117  927.7  66.56  3.67  4800
15:30:36   56  104.38736  30.50267  931.0  67.82  358.62  4800
15:30:37   56  104.38736  30.50283  931.8  67.46  0.18  4800
15:30:38   56  104.38736  30.50300  932.9  67.25  0.89  4800
15:30:39   56  104.38737  30.50317  933.7  67.72  1.59  4740
15:30:40   56  104.38737  30.50334  933.4  68.98  1.23  4800
15:30:53   56  104.38738  30.50573  934.2  76.07  359.37  4860
15:30:56   56  104.38738  30.50630  933.3  76.82  0.71  4860
15:30:57   56  104.38739  30.50650  933.0  75.89  0.78  4860
15:30:59   56  104.38739  30.50688  931.4  74.92  359.71  4920
15:31: 0   56  104.38739  30.50706  931.2  73.73  359.37  4920
15:31: 8   56  104.38740  30.50845  927.4  66.60  358.92  4860
15:31: 9   56  104.38739  30.50861  928.7  65.30  357.57  4800
