14: 9:26    2  0.00000  0.00000   0.0  0.00  0.00     0
14: 9:33    2  0.00000  0.00000   0.0  0.00  0.00     0
14: 9:34    2  0.00000  0.00000   0.0  0.00  0.00     0
14: 9:35    2  0.00000  0.00000   0.0  0.00  0.00     0
14: 9:36    2  0.00000  0.00000   0.0  0.00  0.00     0
14: 9:37    2  0.00000  0.00000   0.0  0.00  0.00     0
14: 9:38    2  0.00000  0.00000   0.0  0.00  0.00     0
14: 9:39    2  0.00000  0.00000   0.0  0.00  0.00     0
14: 9:47    2  0.00000  0.00000   0.0  0.00  0.00     0
14: 9:48    2  0.00000  0.00000   0.0  0.00  0.00     0
14: 9:49    2  0.00000  0.00000   0.0  0.00  0.00     0
14: 9:50    2  0.00000  0.00000   0.0  0.00  0.00     0
14: 9:51    2  0.00000  0.00000   0.0  0.00  0.00     0
14: 9:52    2  0.00000  0.00000   0.0  0.00  0.00     0
14: 9:53    2  0.00000  0.00000   0.0  0.00  0.00     0
14: 9:54    2  0.00000  0.00000   0.0  0.00  0.00     0
14: 9:55    2  0.00000  0.00000   0.0  0.00  0.00     0
14: 9:56    2  0.00000  0.00000   0.0  0.00  0.00     0
14: 9:57    2  0.00000  0.00000   0.0  0.00  0.00     0
14: 9:58    2  0.00000  0.00000   0.0  0.00  0.00     0
14: 9:59    2  0.00000  0.00000   0.0  0.00  0.00     0
14:10: 0    2  0.00000  0.00000   0.0  0.00  0.00     0
14:10: 1    2  0.00000  0.00000   0.0  0.00  0.00     0
14:10: 2    2  0.00000  0.00000   0.0  0.00  0.00     0
14:10: 3    2  0.00000  0.00000   0.0  0.00  0.00     0
14:10: 4    2  0.00000  0.00000   0.0  0.00  0.00     0
14:10: 5    2  0.00000  0.00000   0.0  0.00  0.00     0
14:10: 6    2  0.00000  0.00000   0.0  0.00  0.00     0
14:10: 7    2  0.00000  0.00000   0.0  0.00  0.00     0
14:10: 8    2  0.00000  0.00000   0.0  0.00  0.00     0
14:10: 9    2  0.00000  0.00000   0.0  0.00  0.00     0
14:10:10    2  0.00000  0.00000   0.0  0.00  0.00     0
14:10:11    2  0.00000  0.00000   0.0  0.00  0.00     0
14:10:12    2  0.00000  0.00000   0.0  0.00  0.00     0
14:10:13    2  0.00000  0.00000   0.0  0.00  0.00     0
14:10:14    2  0.00000  0.00000   0.0  0.00  0.00     0
14:10:15    2  0.00000  0.00000   0.0  0.00  0.00     0
14:10:16    2  0.00000  0.00000   0.0  0.00  0.00     0
14:10:17    2  0.00000  0.00000   0.0  0.00  0.00     0
14:10:18    2  0.00000  0.00000   0.0  0.00  0.00     0
14:10:19    2  0.00000  0.00000   0.0  0.00  0.00     0
14:10:20    2  0.00000  0.00000   0.0  0.00  0.00     0
14:10:21    2  0.00000  0.00000   0.0  0.00  0.00     0
14:10:22    2  0.00000  0.00000   0.0  0.00  0.00     0
14:10:23    2  0.00000  0.00000   0.0  0.00  0.00     0
14:10:24    2  0.00000  0.00000   0.0  0.00  0.00     0
14:10:25    2  0.00000  0.00000   0.0  0.00  0.00     0
14:10:26    2  0.00000  0.00000   0.0  0.00  0.00     0
14:10:27    2  0.00000  0.00000   0.0  0.00  0.00     0
14:10:28    2  0.00000  0.00000   0.0  0.00  0.00     0
14:10:29    2  0.00000  0.00000   0.0  0.00  0.00     0
14:10:30    2  0.00000  0.00000   0.0  0.00  0.00     0
14:10:31    2  0.00000  0.00000   0.0  0.00  0.00     0
14:10:32    2  0.00000  0.00000   0.0  0.00  0.00     0
14:10:33    2  0.00000  0.00000   0.0  0.00  0.00     0
14:10:34    2  0.00000  0.00000   0.0  0.00  0.00     0
14:10:35    2  0.00000  0.00000   0.0  0.00  0.00     0
14:10:36    2  0.00000  0.00000   0.0  0.00  0.00     0
14:10:37    2  0.00000  0.00000   0.0  0.00  0.00     0
14:10:38    2  0.00000  0.00000   0.0  0.00  0.00     0
14:10:39    2  0.00000  0.00000   0.0  0.00  0.00     0
14:10:40    2  0.00000  0.00000   0.0  0.00  0.00     0
14:10:41    2  0.00000  0.00000   0.0  0.00  0.00     0
14:10:42    2  0.00000  0.00000   0.0  0.00  0.00     0
14:10:43    2  0.00000  0.00000   0.0  0.00  0.00     0
14:10:44    2  0.00000  0.00000   0.0  0.00  0.00     0
14:10:45    2  0.00000  0.00000   0.0  0.00  0.00     0
14:10:46    2  0.00000  0.00000   0.0  0.00  0.00     0
14:10:47    2  0.00000  0.00000   0.0  0.00  0.00     0
14:10:48    2  0.00000  0.00000   0.0  0.00  0.00     0
14:10:49    2  0.00000  0.00000   0.0  0.00  0.00     0
14:10:50    2  0.00000  0.00000   0.0  0.00  0.00     0
14:10:51    2  0.00000  0.00000   0.0  0.00  0.00     0
14:10:52    2  0.00000  0.00000   0.0  0.00  0.00     0
14:10:53    2  0.00000  0.00000   0.0  0.00  0.00     0
14:10:54    2  0.00000  0.00000   0.0  0.00  0.00     0
14:10:55    2  0.00000  0.00000   0.0  0.00  0.00     0
14:10:56    2  0.00000  0.00000   0.0  0.00  0.00     0
14:10:57    2  0.00000  0.00000   0.0  0.00  0.00     0
14:10:58    2  0.00000  0.00000   0.0  0.00  0.00     0
14:10:59    2  0.00000  0.00000   0.0  0.00  0.00     0
14:11: 0    2  0.00000  0.00000   0.0  0.00  0.00     0
14:11: 1    2  0.00000  0.00000   0.0  0.00  0.00     0
14:11: 2    2  0.00000  0.00000   0.0  0.00  0.00     0
14:11: 3    2  0.00000  0.00000   0.0  0.00  0.00     0
14:11: 4    2  0.00000  0.00000   0.0  0.00  0.00     0
14:11: 5    2  0.00000  0.00000   0.0  0.00  0.00     0
14:11: 6    2  0.00000  0.00000   0.0  0.00  0.00     0
14:11: 7    2  0.00000  0.00000   0.0  0.00  0.00     0
