17:30:47    6  104.19386  30.54254  775.3  103.82  25.23  4980
17:30:48    6  104.19398  30.54278  777.2  103.25  23.38  4920
17:30:49    6  104.19409  30.54302  778.1  101.27  20.56  4980
17:30:50    6  104.19419  30.54326  776.8  100.66  20.08  4980
17:30:51    6  104.19430  30.54350  775.6  104.00  22.92  4980
17:30:52    6  104.19442  30.54373  776.1  102.24  23.22  4980
17:30:53    6  104.19453  30.54397  776.2  100.66  22.03  5040
17:30:54    6  104.19464  30.54420  775.1  100.69  21.22  4980
17:30:55    6  104.19475  30.54444  773.2  101.02  21.43  4980
17:30:56    6  104.19486  30.54468  771.9  100.37  21.86  4980
17:30:57    6  104.19496  30.54491  771.6  100.30  22.30  5040
17:30:58    6  104.19506  30.54514  771.8  96.73  20.54  4980
17:30:59    6  104.19516  30.54536  771.3  95.22  20.59  4920
17:31: 0    6  104.19526  30.54559  770.8  94.79  21.01  4920
17:31: 1    6  104.19535  30.54581  771.4  94.07  20.66  4980
17:31: 2    6  104.19545  30.54603  772.2  92.52  20.40  4860
17:31: 3    6  104.19555  30.54624  773.0  91.84  22.56  4860
17:31: 4    6  104.19565  30.54645  772.7  92.12  23.27  4860
17:31: 5    6  104.19576  30.54667  772.2  93.92  23.37  4860
17:31: 6    6  104.19586  30.54688  772.4  93.82  23.14  4860
17:31: 7    6  104.19597  30.54710  772.9  93.10  23.07  4920
17:31: 8    6  104.19607  30.54731  774.2  91.58  21.50  4860
