21:29:16    6  104.19307  30.54088  774.4  105.26  22.00  5040
21:29:19    6  104.19340  30.54160  776.0  101.38  20.26  4980
21:29:20    6  104.19350  30.54184  775.9  100.15  20.03  4980
21:29:22    6  104.19373  30.54231  774.9  102.67  24.65  5040
21:29:23    6  104.19386  30.54254  775.3  103.82  25.23  4980
21:29:24    6  104.19398  30.54278  777.2  103.25  23.38  4920
21:29:25    6  104.19409  30.54302  778.1  101.27  20.56  4980
21:29:26    6  104.19419  30.54326  776.8  100.66  20.08  4980
21:29:27    6  104.19430  30.54350  775.6  104.00  22.92  4980
21:29:28    6  104.19442  30.54373  776.1  102.24  23.22  4980
21:29:29    6  104.19453  30.54397  776.2  100.66  22.03  5040
21:29:30    6  104.19464  30.54420  775.1  100.69  21.22  4980
21:29:31    6  104.19475  30.54444  773.2  101.02  21.43  4980
21:29:32    6  104.19486  30.54468  771.9  100.37  21.86  4980
21:29:33    6  104.19496  30.54491  771.6  100.30  22.30  5040
21:29:34    6  104.19506  30.54514  771.8  96.73  20.54  4980
21:29:35    6  104.19516  30.54536  771.3  95.22  20.59  4920
21:29:36    6  104.19526  30.54559  770.8  94.79  21.01  4920
21:29:37    6  104.19535  30.54581  771.4  94.07  20.66  4980
21:29:38    6  104.19545  30.54603  772.2  92.52  20.40  4860
21:29:39    6  104.19555  30.54624  773.0  91.84  22.56  4860
21:29:40    6  104.19565  30.54645  772.7  92.12  23.27  4860
21:29:41    6  104.19576  30.54667  772.2  93.92  23.37  4860
21:29:42    6  104.19586  30.54688  772.4  93.82  23.14  4860
21:29:43    6  104.19597  30.54710  772.9  93.10  23.07  4920
21:29:44    6  104.19607  30.54731  774.2  91.58  21.50  4860
