14: 0:50    2  0.00000  0.00000   0.0  0.00  0.00     0
14: 0:51    2  0.00000  0.00000   0.0  0.00  0.00     0
14: 0:52    2  0.00000  0.00000   0.0  0.00  0.00     0
14: 0:53    2  0.00000  0.00000   0.0  0.00  0.00     0
14: 0:54    2  0.00000  0.00000   0.0  0.00  0.00     0
14: 0:55    2  0.00000  0.00000   0.0  0.00  0.00     0
14: 0:56    2  0.00000  0.00000   0.0  0.00  0.00     0
14: 0:57    2  0.00000  0.00000   0.0  0.00  0.00     0
14: 0:58    2  0.00000  0.00000   0.0  0.00  0.00     0
14: 0:59    2  0.00000  0.00000   0.0  0.00  0.00     0
14: 1: 0    2  0.00000  0.00000   0.0  0.00  0.00     0
14: 1: 1    2  0.00000  0.00000   0.0  0.00  0.00     0
