14: 5:29    2  0.00000  0.00000   0.0  0.00  0.00     0
14: 5:30    2  0.00000  0.00000   0.0  0.00  0.00     0
14: 5:31    2  0.00000  0.00000   0.0  0.00  0.00     0
14: 5:32    2  0.00000  0.00000   0.0  0.00  0.00     0
14: 5:33    2  0.00000  0.00000   0.0  0.00  0.00     0
14: 5:34    2  0.00000  0.00000   0.0  0.00  0.00     0
14: 5:35    2  0.00000  0.00000   0.0  0.00  0.00     0
14: 5:36    2  0.00000  0.00000   0.0  0.00  0.00     0
14: 5:37    2  0.00000  0.00000   0.0  0.00  0.00     0
14: 5:38    2  0.00000  0.00000   0.0  0.00  0.00     0
14: 5:39    2  0.00000  0.00000   0.0  0.00  0.00     0
14: 5:40    2  0.00000  0.00000   0.0  0.00  0.00     0
14: 5:41    2  0.00000  0.00000   0.0  0.00  0.00     0
14: 5:42    2  0.00000  0.00000   0.0  0.00  0.00     0
14: 5:43    2  0.00000  0.00000   0.0  0.00  0.00     0
14: 5:44    2  0.00000  0.00000   0.0  0.00  0.00     0
14: 5:45    2  0.00000  0.00000   0.0  0.00  0.00     0
14: 5:46    2  0.00000  0.00000   0.0  0.00  0.00     0
14: 5:47    2  0.00000  0.00000   0.0  0.00  0.00     0
14: 5:48    2  0.00000  0.00000   0.0  0.00  0.00     0
14: 5:49    2  0.00000  0.00000   0.0  0.00  0.00     0
14: 5:50    2  0.00000  0.00000   0.0  0.00  0.00     0
14: 5:51    2  0.00000  0.00000   0.0  0.00  0.00     0
14: 5:52    2  0.00000  0.00000   0.0  0.00  0.00     0
14: 5:53    2  0.00000  0.00000   0.0  0.00  0.00     0
14: 6: 7    2  0.00000  0.00000   0.0  0.00  0.00     0
14: 6: 8    2  0.00000  0.00000   0.0  0.00  0.00     0
14: 6: 9    2  0.00000  0.00000   0.0  0.00  0.00     0
