11:35:44    2  0.00000  0.00000   0.0  0.00  0.00     0
11:35:45    2  0.00000  0.00000   0.0  0.00  0.00     0
11:35:46    2  0.00000  0.00000   0.0  0.00  0.00     0
11:35:47    2  0.00000  0.00000   0.0  0.00  0.00     0
11:35:48    2  0.00000  0.00000   0.0  0.00  0.00     0
11:35:49    2  0.00000  0.00000   0.0  0.00  0.00     0
11:35:50    2  0.00000  0.00000   0.0  0.00  0.00     0
11:35:51    2  0.00000  0.00000   0.0  0.00  0.00     0
11:35:52    2  0.00000  0.00000   0.0  0.00  0.00     0
11:35:53    2  0.00000  0.00000   0.0  0.00  0.00     0
11:35:54    2  0.00000  0.00000   0.0  0.00  0.00     0
11:35:55    2  0.00000  0.00000   0.0  0.00  0.00     0
11:35:56    2  0.00000  0.00000   0.0  0.00  0.00     0
11:35:57    2  0.00000  0.00000   0.0  0.00  0.00     0
11:35:58    2  0.00000  0.00000   0.0  0.00  0.00     0
11:35:59    2  0.00000  0.00000   0.0  0.00  0.00     0
11:36: 0    2  0.00000  0.00000   0.0  0.00  0.00     0
11:36: 1    2  0.00000  0.00000   0.0  0.00  0.00     0
11:36: 2    2  0.00000  0.00000   0.0  0.00  0.00     0
11:36: 3    2  0.00000  0.00000   0.0  0.00  0.00     0
11:36: 4    2  0.00000  0.00000   0.0  0.00  0.00     0
11:36: 5    2  0.00000  0.00000   0.0  0.00  0.00     0
11:36: 7    2  0.00000  0.00000   0.0  0.00  0.00     0
11:36: 8    2  0.00000  0.00000   0.0  0.00  0.00     0
11:36: 9    2  0.00000  0.00000   0.0  0.00  0.00     0
11:36:10    2  0.00000  0.00000   0.0  0.00  0.00     0
11:36:11    2  0.00000  0.00000   0.0  0.00  0.00     0
11:36:12    2  0.00000  0.00000   0.0  0.00  0.00     0
11:36:13    2  0.00000  0.00000   0.0  0.00  0.00     0
11:36:14    2  0.00000  0.00000   0.0  0.00  0.00     0
11:36:15    2  0.00000  0.00000   0.0  0.00  0.00     0
11:36:16    2  0.00000  0.00000   0.0  0.00  0.00     0
11:36:17    2  0.00000  0.00000   0.0  0.00  0.00     0
11:36:18    2  0.00000  0.00000   0.0  0.00  0.00     0
11:36:20    2  0.00000  0.00000   0.0  0.00  0.00     0
11:36:20    2  0.00000  0.00000   0.0  0.00  0.00     0
11:36:21    2  0.00000  0.00000   0.0  0.00  0.00     0
11:36:22    2  0.00000  0.00000   0.0  0.00  0.00     0
11:36:23    2  0.00000  0.00000   0.0  0.00  0.00     0
11:36:24    2  0.00000  0.00000   0.0  0.00  0.00     0
11:36:25    2  0.00000  0.00000   0.0  0.00  0.00     0
11:36:26    2  0.00000  0.00000   0.0  0.00  0.00     0
11:36:27    2  0.00000  0.00000   0.0  0.00  0.00     0
11:36:28    2  0.00000  0.00000   0.0  0.00  0.00     0
11:36:29    2  0.00000  0.00000   0.0  0.00  0.00     0
11:36:30    2  0.00000  0.00000   0.0  0.00  0.00     0
11:36:31    2  0.00000  0.00000   0.0  0.00  0.00     0
11:36:32    2  0.00000  0.00000   0.0  0.00  0.00     0
11:36:33    2  0.00000  0.00000   0.0  0.00  0.00     0
11:36:34    2  0.00000  0.00000   0.0  0.00  0.00     0
11:36:35    2  0.00000  0.00000   0.0  0.00  0.00     0
11:36:36    2  0.00000  0.00000   0.0  0.00  0.00     0
11:36:37    2  0.00000  0.00000   0.0  0.00  0.00     0
11:36:38    2  0.00000  0.00000   0.0  0.00  0.00     0
11:36:39    2  0.00000  0.00000   0.0  0.00  0.00     0
11:36:40    2  0.00000  0.00000   0.0  0.00  0.00     0
11:36:41    2  0.00000  0.00000   0.0  0.00  0.00     0
11:36:42    2  0.00000  0.00000   0.0  0.00  0.00     0
11:36:43    2  0.00000  0.00000   0.0  0.00  0.00     0
11:36:44    2  0.00000  0.00000   0.0  0.00  0.00     0
11:36:45    2  0.00000  0.00000   0.0  0.00  0.00     0
11:36:46    2  0.00000  0.00000   0.0  0.00  0.00     0
11:36:47    2  0.00000  0.00000   0.0  0.00  0.00     0
11:36:48    2  0.00000  0.00000   0.0  0.00  0.00     0
11:36:49    2  0.00000  0.00000   0.0  0.00  0.00     0
11:36:50    2  0.00000  0.00000   0.0  0.00  0.00     0
11:36:51    2  0.00000  0.00000   0.0  0.00  0.00     0
11:36:52    2  0.00000  0.00000   0.0  0.00  0.00     0
11:36:53    2  0.00000  0.00000   0.0  0.00  0.00     0
11:36:54    2  0.00000  0.00000   0.0  0.00  0.00     0
11:36:55    2  0.00000  0.00000   0.0  0.00  0.00     0
11:36:56    2  0.00000  0.00000   0.0  0.00  0.00     0
11:36:57    2  0.00000  0.00000   0.0  0.00  0.00     0
11:36:58    2  0.00000  0.00000   0.0  0.00  0.00     0
11:36:59    2  0.00000  0.00000   0.0  0.00  0.00     0
11:37: 0    2  0.00000  0.00000   0.0  0.00  0.00     0
11:37: 1    2  0.00000  0.00000   0.0  0.00  0.00     0
11:37: 2    2  0.00000  0.00000   0.0  0.00  0.00     0
11:37: 3    2  0.00000  0.00000   0.0  0.00  0.00     0
11:37: 4    2  0.00000  0.00000   0.0  0.00  0.00     0
11:37: 5    2  0.00000  0.00000   0.0  0.00  0.00     0
11:37: 6    2  0.00000  0.00000   0.0  0.00  0.00     0
11:37: 7    2  0.00000  0.00000   0.0  0.00  0.00     0
11:37: 8    2  0.00000  0.00000   0.0  0.00  0.00     0
11:37: 9    2  0.00000  0.00000   0.0  0.00  0.00     0
11:37:10    2  0.00000  0.00000   0.0  0.00  0.00     0
11:37:11    2  0.00000  0.00000   0.0  0.00  0.00     0
11:37:12    2  0.00000  0.00000   0.0  0.00  0.00     0
11:37:13    2  0.00000  0.00000   0.0  0.00  0.00     0
11:37:14    2  0.00000  0.00000   0.0  0.00  0.00     0
11:37:15    2  0.00000  0.00000   0.0  0.00  0.00     0
11:37:16    2  0.00000  0.00000   0.0  0.00  0.00     0
11:37:17    2  0.00000  0.00000   0.0  0.00  0.00     0
11:37:18    2  0.00000  0.00000   0.0  0.00  0.00     0
11:37:19    2  0.00000  0.00000   0.0  0.00  0.00     0
11:37:20    2  0.00000  0.00000   0.0  0.00  0.00     0
11:37:21    2  0.00000  0.00000   0.0  0.00  0.00     0
11:37:22    2  0.00000  0.00000   0.0  0.00  0.00     0
11:37:23    2  0.00000  0.00000   0.0  0.00  0.00     0
11:37:24    2  0.00000  0.00000   0.0  0.00  0.00     0
11:38: 1    2  0.00000  0.00000   0.0  0.00  0.00     0
11:38: 2    2  0.00000  0.00000   0.0  0.00  0.00     0
11:38: 3    2  0.00000  0.00000   0.0  0.00  0.00     0
11:38: 4    2  0.00000  0.00000   0.0  0.00  0.00     0
11:38: 5    2  0.00000  0.00000   0.0  0.00  0.00     0
11:38: 6    2  0.00000  0.00000   0.0  0.00  0.00     0
11:38: 7    2  0.00000  0.00000   0.0  0.00  0.00     0
11:38: 8    2  0.00000  0.00000   0.0  0.00  0.00     0
11:38: 9    2  0.00000  0.00000   0.0  0.00  0.00     0
11:38:10    2  0.00000  0.00000   0.0  0.00  0.00     0
11:38:11    2  0.00000  0.00000   0.0  0.00  0.00     0
11:38:12    2  0.00000  0.00000   0.0  0.00  0.00     0
11:38:13    2  0.00000  0.00000   0.0  0.00  0.00     0
11:38:14    2  0.00000  0.00000   0.0  0.00  0.00     0
11:38:15    2  0.00000  0.00000   0.0  0.00  0.00     0
11:38:16    2  0.00000  0.00000   0.0  0.00  0.00     0
11:38:17    2  0.00000  0.00000   0.0  0.00  0.00     0
11:38:18    2  0.00000  0.00000   0.0  0.00  0.00     0
11:38:19    2  0.00000  0.00000   0.0  0.00  0.00     0
11:38:20    2  0.00000  0.00000   0.0  0.00  0.00     0
11:38:21    2  0.00000  0.00000   0.0  0.00  0.00     0
11:38:22    2  0.00000  0.00000   0.0  0.00  0.00     0
11:38:23    2  0.00000  0.00000   0.0  0.00  0.00     0
11:38:24    2  0.00000  0.00000   0.0  0.00  0.00     0
11:38:25    2  0.00000  0.00000   0.0  0.00  0.00     0
11:38:26    2  0.00000  0.00000   0.0  0.00  0.00     0
11:38:27    2  0.00000  0.00000   0.0  0.00  0.00     0
11:38:28    2  0.00000  0.00000   0.0  0.00  0.00     0
11:38:29    2  0.00000  0.00000   0.0  0.00  0.00     0
11:38:30    2  0.00000  0.00000   0.0  0.00  0.00     0
11:38:31    2  0.00000  0.00000   0.0  0.00  0.00     0
11:38:32    2  0.00000  0.00000   0.0  0.00  0.00     0
11:38:33    2  0.00000  0.00000   0.0  0.00  0.00     0
11:38:34    2  0.00000  0.00000   0.0  0.00  0.00     0
11:38:35    2  0.00000  0.00000   0.0  0.00  0.00     0
11:38:36    2  0.00000  0.00000   0.0  0.00  0.00     0
11:38:37    2  0.00000  0.00000   0.0  0.00  0.00     0
11:38:39    2  0.00000  0.00000   0.0  0.00  0.00     0
11:38:40    2  0.00000  0.00000   0.0  0.00  0.00     0
11:38:43    2  0.00000  0.00000   0.0  0.00  0.00     0
11:38:44    2  0.00000  0.00000   0.0  0.00  0.00     0
11:38:45    2  0.00000  0.00000   0.0  0.00  0.00     0
11:38:46    2  0.00000  0.00000   0.0  0.00  0.00     0
11:38:48    2  0.00000  0.00000   0.0  0.00  0.00     0
11:38:49    2  0.00000  0.00000   0.0  0.00  0.00     0
11:38:50    2  0.00000  0.00000   0.0  0.00  0.00     0
11:38:56    2  0.00000  0.00000   0.0  0.00  0.00     0
11:38:57    2  0.00000  0.00000   0.0  0.00  0.00     0
11:38:58    2  0.00000  0.00000   0.0  0.00  0.00     0
11:39: 0    2  0.00000  0.00000   0.0  0.00  0.00     0
11:39: 5    2  0.00000  0.00000   0.0  0.00  0.00     0
11:39: 9    2  0.00000  0.00000   0.0  0.00  0.00     0
11:39:10    2  0.00000  0.00000   0.0  0.00  0.00     0
11:39:11    2  0.00000  0.00000   0.0  0.00  0.00     0
11:39:12    2  0.00000  0.00000   0.0  0.00  0.00     0
11:39:13    2  0.00000  0.00000   0.0  0.00  0.00     0
11:39:14    2  0.00000  0.00000   0.0  0.00  0.00     0
11:39:15    2  0.00000  0.00000   0.0  0.00  0.00     0
11:39:16    2  0.00000  0.00000   0.0  0.00  0.00     0
11:39:17    2  0.00000  0.00000   0.0  0.00  0.00     0
11:39:18    2  0.00000  0.00000   0.0  0.00  0.00     0
