14:11:12    2  0.00000  0.00000   0.0  0.00  0.00     0
14:11:13    2  0.00000  0.00000   0.0  0.00  0.00     0
14:11:14    2  0.00000  0.00000   0.0  0.00  0.00     0
14:11:15    2  0.00000  0.00000   0.0  0.00  0.00     0
14:11:16    2  0.00000  0.00000   0.0  0.00  0.00     0
14:11:17    2  0.00000  0.00000   0.0  0.00  0.00     0
14:11:18    2  0.00000  0.00000   0.0  0.00  0.00     0
14:11:19    2  0.00000  0.00000   0.0  0.00  0.00     0
14:11:20    2  0.00000  0.00000   0.0  0.00  0.00     0
14:11:21    2  0.00000  0.00000   0.0  0.00  0.00     0
14:11:22    2  0.00000  0.00000   0.0  0.00  0.00     0
14:11:23    2  0.00000  0.00000   0.0  0.00  0.00     0
14:11:24    2  0.00000  0.00000   0.0  0.00  0.00     0
14:11:25    2  0.00000  0.00000   0.0  0.00  0.00     0
14:11:26    2  0.00000  0.00000   0.0  0.00  0.00     0
14:11:27    2  0.00000  0.00000   0.0  0.00  0.00     0
14:11:28    2  0.00000  0.00000   0.0  0.00  0.00     0
14:11:29    2  0.00000  0.00000   0.0  0.00  0.00     0
14:11:30    2  0.00000  0.00000   0.0  0.00  0.00     0
14:11:31    2  0.00000  0.00000   0.0  0.00  0.00     0
14:11:32    2  0.00000  0.00000   0.0  0.00  0.00     0
14:11:33    2  0.00000  0.00000   0.0  0.00  0.00     0
14:11:34    2  0.00000  0.00000   0.0  0.00  0.00     0
14:11:35    2  0.00000  0.00000   0.0  0.00  0.00     0
14:11:36    2  0.00000  0.00000   0.0  0.00  0.00     0
14:11:37    2  0.00000  0.00000   0.0  0.00  0.00     0
14:11:38    2  0.00000  0.00000   0.0  0.00  0.00     0
14:11:39    2  0.00000  0.00000   0.0  0.00  0.00     0
14:11:40    2  0.00000  0.00000   0.0  0.00  0.00     0
14:11:41    2  0.00000  0.00000   0.0  0.00  0.00     0
14:11:42    2  0.00000  0.00000   0.0  0.00  0.00     0
14:11:43    2  0.00000  0.00000   0.0  0.00  0.00     0
14:11:44    2  0.00000  0.00000   0.0  0.00  0.00     0
14:11:45    2  0.00000  0.00000   0.0  0.00  0.00     0
14:11:46    2  0.00000  0.00000   0.0  0.00  0.00     0
14:11:47    2  0.00000  0.00000   0.0  0.00  0.00     0
14:11:48    2  0.00000  0.00000   0.0  0.00  0.00     0
14:11:49    2  0.00000  0.00000   0.0  0.00  0.00     0
14:11:50    2  0.00000  0.00000   0.0  0.00  0.00     0
14:11:51    2  0.00000  0.00000   0.0  0.00  0.00     0
14:11:52    2  0.00000  0.00000   0.0  0.00  0.00     0
14:11:53    2  0.00000  0.00000   0.0  0.00  0.00     0
14:11:54    2  0.00000  0.00000   0.0  0.00  0.00     0
14:11:55    2  0.00000  0.00000   0.0  0.00  0.00     0
14:11:56    2  0.00000  0.00000   0.0  0.00  0.00     0
14:11:57    2  0.00000  0.00000   0.0  0.00  0.00     0
14:11:58    2  0.00000  0.00000   0.0  0.00  0.00     0
14:11:59    2  0.00000  0.00000   0.0  0.00  0.00     0
14:12: 0    2  0.00000  0.00000   0.0  0.00  0.00     0
14:12: 1    2  0.00000  0.00000   0.0  0.00  0.00     0
14:12: 2    2  0.00000  0.00000   0.0  0.00  0.00     0
14:12: 3    2  0.00000  0.00000   0.0  0.00  0.00     0
14:12: 4    2  0.00000  0.00000   0.0  0.00  0.00     0
14:12: 5    2  0.00000  0.00000   0.0  0.00  0.00     0
14:12: 6    2  0.00000  0.00000   0.0  0.00  0.00     0
14:12: 7    2  0.00000  0.00000   0.0  0.00  0.00     0
14:12: 8    2  0.00000  0.00000   0.0  0.00  0.00     0
14:12: 9    2  0.00000  0.00000   0.0  0.00  0.00     0
14:12:10    2  0.00000  0.00000   0.0  0.00  0.00     0
14:12:11    2  0.00000  0.00000   0.0  0.00  0.00     0
14:12:12    2  0.00000  0.00000   0.0  0.00  0.00     0
14:12:13    2  0.00000  0.00000   0.0  0.00  0.00     0
14:12:14    2  0.00000  0.00000   0.0  0.00  0.00     0
14:12:15    2  0.00000  0.00000   0.0  0.00  0.00     0
14:12:16    2  0.00000  0.00000   0.0  0.00  0.00     0
14:12:17    2  0.00000  0.00000   0.0  0.00  0.00     0
14:12:18    2  0.00000  0.00000   0.0  0.00  0.00     0
14:12:19    2  0.00000  0.00000   0.0  0.00  0.00     0
14:12:20    2  0.00000  0.00000   0.0  0.00  0.00     0
14:12:21    2  0.00000  0.00000   0.0  0.00  0.00     0
14:12:22    2  0.00000  0.00000   0.0  0.00  0.00     0
14:12:23    2  0.00000  0.00000   0.0  0.00  0.00     0
14:12:24    2  0.00000  0.00000   0.0  0.00  0.00     0
14:12:25    2  0.00000  0.00000   0.0  0.00  0.00     0
14:12:26    2  0.00000  0.00000   0.0  0.00  0.00     0
14:12:27    2  0.00000  0.00000   0.0  0.00  0.00     0
14:12:28    2  0.00000  0.00000   0.0  0.00  0.00     0
14:12:29    2  0.00000  0.00000   0.0  0.00  0.00     0
14:12:32    2  0.00000  0.00000   0.0  0.00  0.00     0
14:12:32    2  0.00000  0.00000   0.0  0.00  0.00     0
14:12:32    2  0.00000  0.00000   0.0  0.00  0.00     0
14:12:33    2  0.00000  0.00000   0.0  0.00  0.00     0
14:12:34    2  0.00000  0.00000   0.0  0.00  0.00     0
